9368.38 9368.38 9370.23 9384.59 9411.44 9450.8 9502.67 9554.53 9606.39 9658.26 9710.12 9761.98 9813.85 9865.71 9917.57 9956.93 9983.79 9998.14 10000 10000 
9399.48 9399.48 9401.12 9414.78 9440.3 9477.71 9527.16 9576.45 9625.75 9675.04 9724.34 9773.63 9822.93 9872.22 9921.69 9959.12 9984.67 9998.33 9999.99 10000 
9429.07 9429.07 9430.52 9443.51 9467.77 9503.32 9550.46 9597.31 9644.16 9691.02 9737.87 9784.72 9831.57 9878.43 9925.6 9961.19 9985.5 9998.51 9999.99 10000 
9457.23 9457.23 9458.49 9470.85 9493.91 9527.68 9572.63 9617.15 9661.68 9706.21 9750.75 9795.28 9839.81 9884.34 9929.33 9963.17 9986.29 9998.68 9999.98 10000 
9484.02 9484.02 9485.11 9496.86 9518.78 9550.86 9593.72 9636.03 9678.35 9720.68 9763 9805.32 9847.64 9889.96 9932.87 9965.05 9987.04 9998.85 9999.98 10000 
9509.51 9509.51 9510.44 9521.62 9542.44 9572.92 9613.78 9653.99 9694.21 9734.43 9774.66 9814.88 9855.1 9895.32 9936.25 9966.84 9987.75 9999 9999.97 10000 
9533.77 9533.77 9534.54 9545.17 9564.96 9593.91 9632.87 9671.08 9709.3 9747.53 9785.75 9823.98 9862.2 9900.41 9939.46 9968.54 9988.43 9999.14 9999.97 10000 
9556.85 9556.85 9557.48 9567.59 9586.39 9613.87 9651.04 9687.33 9723.66 9759.98 9796.31 9832.63 9868.96 9905.26 9942.51 9970.15 9989.07 9999.28 9999.97 10000 
9578.81 9578.81 9579.3 9588.92 9606.77 9632.87 9668.31 9702.79 9737.31 9771.83 9806.35 9840.87 9875.39 9909.88 9945.42 9971.69 9989.69 9999.4 9999.96 10000 
9599.7 9599.7 9600.06 9609.21 9626.17 9650.95 9684.75 9717.5 9750.31 9783.11 9815.91 9848.71 9881.52 9914.28 9948.19 9973.15 9990.26 9999.52 9999.96 10000 
9619.58 9619.58 9619.82 9628.52 9644.63 9668.15 9700.39 9731.49 9762.67 9793.84 9825.01 9856.17 9887.35 9918.46 9950.82 9974.54 9990.81 9999.63 9999.95 10000 
9638.49 9638.49 9638.62 9646.9 9662.19 9684.51 9715.26 9744.8 9774.42 9804.04 9833.66 9863.28 9892.89 9922.45 9953.32 9975.86 9991.34 9999.74 9999.95 10000 
9656.49 9656.49 9656.51 9664.38 9678.9 9700.08 9729.41 9757.47 9785.61 9813.75 9841.89 9870.03 9898.17 9926.24 9955.7 9977.11 9991.83 9999.84 9999.95 10000 
9673.61 9673.61 9673.52 9681.01 9694.8 9714.9 9742.87 9769.51 9796.25 9822.99 9849.72 9876.46 9903.2 9929.85 9957.97 9978.31 9992.3 9999.93 9999.95 10000 
9689.9 9689.9 9689.72 9696.84 9709.93 9728.99 9755.68 9780.97 9806.37 9831.78 9857.18 9882.58 9907.98 9933.28 9960.12 9979.44 9992.75 10000 9999.94 10000 
9705.39 9705.39 9705.12 9711.9 9724.32 9742.4 9767.86 9791.86 9816 9840.14 9864.27 9888.4 9912.54 9936.55 9962.17 9980.52 9993.17 10000.1 9999.94 10000 
9720.13 9720.13 9719.78 9726.22 9738.01 9755.15 9779.44 9802.23 9825.16 9848.09 9871.01 9893.94 9916.87 9939.66 9964.12 9981.54 9993.57 10000.2 9999.94 10000 
9734.16 9734.16 9733.72 9739.85 9751.04 9767.29 9790.47 9812.09 9833.88 9855.66 9877.43 9899.21 9920.99 9942.63 9965.98 9982.52 9993.96 10000.3 9999.94 10000 
9747.5 9747.5 9746.99 9752.82 9763.44 9778.83 9800.95 9821.47 9842.17 9862.85 9883.54 9904.22 9924.92 9945.45 9967.74 9983.44 9994.32 10000.3 9999.93 10000 
9760.19 9760.19 9759.61 9765.16 9775.23 9789.81 9810.92 9830.39 9850.05 9869.7 9889.35 9909 9928.65 9948.13 9969.42 9984.32 9994.66 10000.4 9999.93 10000 
9772.26 9772.26 9771.62 9776.89 9786.45 9800.26 9820.4 9838.87 9857.55 9876.21 9894.87 9913.54 9932.21 9950.68 9971.01 9985.16 9994.98 10000.4 9999.93 10000 
9783.75 9783.75 9783.04 9788.06 9797.12 9810.2 9829.43 9846.94 9864.68 9882.41 9900.13 9917.85 9935.59 9953.11 9972.53 9985.95 9995.29 10000.5 9999.93 10000 
9794.67 9794.67 9793.91 9798.68 9807.27 9819.65 9838.01 9854.62 9871.47 9888.3 9905.13 9921.96 9938.81 9955.43 9973.98 9986.71 9995.58 10000.6 9999.93 10000 
9805.06 9805.06 9804.25 9808.79 9816.93 9828.65 9846.17 9861.92 9877.92 9893.9 9909.89 9925.87 9941.87 9957.63 9975.35 9987.43 9995.86 10000.6 9999.92 10000 
9814.95 9814.95 9814.08 9818.4 9826.12 9837.2 9853.93 9868.86 9884.06 9899.24 9914.41 9929.59 9944.79 9959.72 9976.65 9988.11 9996.12 10000.7 9999.92 10000 
9824.35 9824.35 9823.44 9827.55 9834.86 9845.34 9861.31 9875.46 9889.9 9904.31 9918.72 9933.13 9947.56 9961.71 9977.89 9988.75 9996.37 10000.7 9999.92 10000 
9833.29 9833.29 9832.34 9836.25 9843.17 9853.08 9868.33 9881.74 9895.45 9909.13 9922.81 9936.49 9950.2 9963.61 9979.07 9989.37 9996.61 10000.7 9999.92 10000 
9841.8 9841.8 9840.8 9844.52 9851.08 9860.44 9875 9887.71 9900.73 9913.72 9926.71 9939.7 9952.71 9965.41 9980.19 9989.95 9996.83 10000.8 9999.92 10000 
9849.89 9849.89 9848.86 9852.39 9858.6 9867.45 9881.35 9893.39 9905.75 9918.08 9930.41 9942.74 9955.1 9967.13 9981.26 9990.51 9997.04 10000.8 9999.92 10000 
9857.58 9857.58 9856.51 9859.88 9865.76 9874.11 9887.39 9898.79 9910.53 9922.23 9933.93 9945.64 9957.37 9968.76 9982.27 9991.03 9997.24 10000.8 9999.92 10000 
9864.9 9864.9 9863.8 9867 9872.56 9880.44 9893.13 9903.92 9915.07 9926.18 9937.29 9948.39 9959.54 9970.32 9983.23 9991.53 9997.43 10000.9 9999.91 10000 
9871.86 9871.86 9870.73 9873.77 9879.04 9886.47 9898.59 9908.8 9919.39 9929.93 9940.47 9951.01 9961.59 9971.8 9984.15 9992.01 9997.61 10000.9 9999.91 10000 
9878.47 9878.47 9877.32 9880.22 9885.19 9892.2 9903.78 9913.44 9923.49 9933.5 9943.5 9953.51 9963.55 9973.2 9985.02 9992.46 9997.78 10000.9 9999.91 10000 
9884.77 9884.77 9883.59 9886.34 9891.05 9897.65 9908.72 9917.86 9927.4 9936.89 9946.38 9955.88 9965.41 9974.54 9985.85 9992.88 9997.94 10000.9 9999.91 10000 
9890.75 9890.75 9889.55 9892.17 9896.62 9902.83 9913.41 9922.05 9931.11 9940.12 9949.13 9958.13 9967.18 9975.81 9986.63 9993.29 9998.09 10001 9999.91 10000 
9896.44 9896.44 9895.22 9897.71 9901.92 9907.76 9917.87 9926.04 9934.64 9943.18 9951.73 9960.27 9968.87 9977.02 9987.38 9993.68 9998.23 10001 9999.91 10000 
9901.85 9901.85 9900.61 9902.98 9906.95 9912.45 9922.12 9929.83 9938 9946.1 9954.21 9962.31 9970.47 9978.18 9988.09 9994.04 9998.37 10001 9999.91 10000 
9906.99 9906.99 9905.73 9907.99 9911.74 9916.91 9926.15 9933.44 9941.19 9948.88 9956.57 9964.25 9972 9979.27 9988.76 9994.39 9998.5 10001 9999.91 10000 
9911.88 9911.88 9910.61 9912.76 9916.3 9921.15 9929.98 9936.87 9944.23 9951.51 9958.81 9966.1 9973.45 9980.31 9989.4 9994.72 9998.62 10001 9999.91 10000 
9916.53 9916.53 9915.24 9917.29 9920.63 9925.18 9933.63 9940.13 9947.11 9954.02 9960.94 9967.85 9974.82 9981.3 9990.01 9995.03 9998.73 10001 9999.91 10000 
9920.96 9920.96 9919.65 9921.6 9924.75 9929.01 9937.09 9943.23 9949.86 9956.4 9962.96 9969.51 9976.14 9982.25 9990.58 9995.32 9998.84 10001 9999.91 10000 
9925.16 9925.16 9923.84 9925.7 9928.67 9932.66 9940.39 9946.17 9952.46 9958.67 9964.89 9971.1 9977.38 9983.14 9991.13 9995.6 9998.94 10001.1 9999.9 10000 
9929.15 9929.15 9927.83 9929.6 9932.39 9936.12 9943.52 9948.97 9954.94 9960.82 9966.72 9972.6 9978.57 9983.99 9991.65 9995.87 9999.04 10001.1 9999.9 10000 
9932.95 9932.95 9931.62 9933.3 9935.93 9939.42 9946.5 9951.63 9957.3 9962.87 9968.46 9974.04 9979.7 9984.8 9992.14 9996.12 9999.13 10001.1 9999.9 10000 
9936.56 9936.56 9935.22 9936.82 9939.3 9942.55 9949.32 9954.16 9959.54 9964.82 9970.11 9975.4 9980.77 9985.57 9992.61 9996.36 9999.21 10001.1 9999.9 10000 
9939.99 9939.99 9938.64 9940.17 9942.5 9945.53 9952.01 9956.56 9961.67 9966.67 9971.69 9976.69 9981.79 9986.31 9993.06 9996.59 9999.29 10001.1 9999.9 10000 
9943.25 9943.25 9941.9 9943.35 9945.54 9948.36 9954.57 9958.84 9963.69 9968.43 9973.18 9977.92 9982.76 9987 9993.48 9996.8 9999.37 10001.1 9999.9 10000 
9946.35 9946.35 9944.99 9946.38 9948.43 9951.05 9957 9961.01 9965.61 9970.1 9974.6 9979.09 9983.68 9987.67 9993.88 9997.01 9999.44 10001.1 9999.9 10000 
9949.3 9949.3 9947.94 9949.25 9951.18 9953.61 9959.3 9963.08 9967.44 9971.69 9975.95 9980.2 9984.55 9988.29 9994.26 9997.2 9999.51 10001.1 9999.9 10000 
9952.1 9952.1 9950.73 9951.99 9953.79 9956.04 9961.49 9965.04 9969.18 9973.19 9977.23 9981.26 9985.39 9988.89 9994.62 9997.38 9999.57 10001.1 9999.9 10000 
9954.76 9954.76 9953.39 9954.58 9956.27 9958.35 9963.58 9966.9 9970.83 9974.63 9978.45 9982.26 9986.18 9989.46 9994.96 9997.55 9999.63 10001.1 9999.9 10000 
9957.28 9957.28 9955.92 9957.05 9958.64 9960.54 9965.56 9968.67 9972.39 9975.99 9979.61 9983.21 9986.93 9990 9995.29 9997.72 9999.69 10001.1 9999.9 10000 
9959.68 9959.68 9958.32 9959.4 9960.88 9962.63 9967.44 9970.35 9973.88 9977.28 9980.71 9984.12 9987.64 9990.51 9995.6 9997.87 9999.74 10001.1 9999.9 10000 
9961.96 9961.96 9960.6 9961.63 9963.01 9964.61 9969.22 9971.94 9975.3 9978.51 9981.75 9984.98 9988.32 9991 9995.89 9998.02 9999.79 10001.1 9999.9 10000 
9964.13 9964.13 9962.76 9963.75 9965.04 9966.5 9970.92 9973.46 9976.64 9979.68 9982.75 9985.79 9988.97 9991.46 9996.16 9998.16 9999.84 10001.1 9999.9 10000 
9966.19 9966.19 9964.82 9965.76 9966.96 9968.29 9972.53 9974.9 9977.92 9980.79 9983.69 9986.57 9989.58 9991.91 9996.42 9998.29 9999.88 10001.1 9999.9 10000 
9968.14 9968.14 9966.78 9967.67 9968.79 9969.99 9974.06 9976.27 9979.13 9981.85 9984.59 9987.31 9990.16 9992.32 9996.67 9998.41 9999.92 10001.1 9999.9 10000 
9970 9970 9968.64 9969.49 9970.53 9971.61 9975.52 9977.57 9980.28 9982.85 9985.44 9988.01 9990.72 9992.72 9996.91 9998.53 9999.96 10001.1 9999.9 10000 
9971.76 9971.76 9970.41 9971.22 9972.18 9973.14 9976.9 9978.8 9981.38 9983.8 9986.25 9988.67 9991.24 9993.1 9997.13 9998.64 9999.99 10001.1 9999.9 10000 
9973.44 9973.44 9972.08 9972.86 9973.75 9974.6 9978.21 9979.97 9982.42 9984.7 9987.01 9989.3 9991.74 9993.46 9997.34 9998.74 10000 10001.1 9999.9 10000 
9975.03 9975.03 9973.68 9974.41 9975.23 9975.99 9979.45 9981.08 9983.41 9985.56 9987.74 9989.9 9992.22 9993.8 9997.54 9998.84 10000.1 10001.1 9999.9 10000 
9976.53 9976.53 9975.19 9975.89 9976.65 9977.31 9980.63 9982.14 9984.34 9986.37 9988.43 9990.47 9992.67 9994.12 9997.73 9998.93 10000.1 10001.1 9999.9 10000 
9977.97 9977.97 9976.63 9977.3 9977.99 9978.56 9981.75 9983.14 9985.23 9987.14 9989.09 9991.01 9993.09 9994.43 9997.91 9999.02 10000.1 10001.1 9999.9 10000 
9979.33 9979.33 9977.99 9978.63 9979.27 9979.74 9982.82 9984.09 9986.08 9987.88 9989.71 9991.52 9993.5 9994.72 9998.08 9999.1 10000.1 10001.1 9999.9 10000 
9980.62 9980.62 9979.29 9979.9 9980.48 9980.87 9983.83 9985 9986.88 9988.57 9990.31 9992.01 9993.88 9994.99 9998.24 9999.18 10000.2 10001 9999.9 10000 
9981.84 9981.84 9980.52 9981.1 9981.63 9981.94 9984.79 9985.85 9987.64 9989.23 9990.87 9992.47 9994.25 9995.25 9998.39 9999.26 10000.2 10001 9999.9 10000 
9983 9983 9981.69 9982.24 9982.72 9982.96 9985.7 9986.67 9988.36 9989.86 9991.4 9992.9 9994.6 9995.5 9998.53 9999.32 10000.2 10001 9999.9 10000 
9984.11 9984.11 9982.8 9983.32 9983.76 9983.92 9986.56 9987.44 9989.05 9990.45 9991.91 9993.32 9994.93 9995.74 9998.66 9999.39 10000.2 10001 9999.9 10000 
9985.15 9985.15 9983.85 9984.35 9984.74 9984.84 9987.38 9988.17 9989.7 9991.02 9992.39 9993.71 9995.24 9995.96 9998.79 9999.45 10000.2 10001 9999.9 10000 
9986.15 9986.15 9984.85 9985.33 9985.68 9985.71 9988.16 9988.86 9990.31 9991.55 9992.84 9994.09 9995.53 9996.17 9998.91 9999.51 10000.3 10001 9999.9 10000 
9987.09 9987.09 9985.79 9986.25 9986.56 9986.53 9988.9 9989.52 9990.9 9992.06 9993.27 9994.44 9995.81 9996.38 9999.02 9999.56 10000.3 10001 9999.9 10000 
9987.98 9987.98 9986.69 9987.13 9987.4 9987.32 9989.59 9990.15 9991.45 9992.54 9993.68 9994.78 9996.08 9996.57 9999.13 9999.61 10000.3 10001 9999.9 10000 
9988.82 9988.82 9987.55 9987.96 9988.2 9988.06 9990.26 9990.74 9991.98 9993 9994.07 9995.09 9996.33 9996.75 9999.23 9999.66 10000.3 10001 9999.9 10000 
9989.63 9989.63 9988.36 9988.76 9988.96 9988.77 9990.89 9991.3 9992.48 9993.43 9994.44 9995.39 9996.57 9996.92 9999.33 9999.71 10000.3 10001 9999.9 10000 
9990.39 9990.39 9989.12 9989.5 9989.67 9989.43 9991.48 9991.83 9992.95 9993.84 9994.79 9995.68 9996.8 9997.08 9999.42 9999.75 10000.3 10001 9999.9 10000 
9991.11 9991.11 9989.85 9990.22 9990.36 9990.07 9992.05 9992.34 9993.4 9994.23 9995.12 9995.95 9997.01 9997.23 9999.5 9999.79 10000.3 10001 9999.9 10000 
9991.79 9991.79 9990.54 9990.89 9991 9990.67 9992.58 9992.82 9993.83 9994.6 9995.43 9996.21 9997.22 9997.38 9999.58 9999.83 10000.3 10001 9999.9 10000 
9992.44 9992.44 9991.2 9991.53 9991.61 9991.24 9993.09 9993.27 9994.23 9994.95 9995.73 9996.45 9997.41 9997.52 9999.66 9999.86 10000.3 10001 9999.9 10000 
9993.05 9993.05 9991.82 9992.13 9992.19 9991.78 9993.57 9993.7 9994.61 9995.28 9996.01 9996.68 9997.59 9997.65 9999.73 9999.89 10000.3 10000.9 9999.9 10000 
9993.63 9993.63 9992.41 9992.71 9992.74 9992.29 9994.02 9994.1 9994.97 9995.59 9996.27 9996.9 9997.77 9997.77 9999.79 9999.92 10000.4 10000.9 9999.9 10000 
9994.18 9994.18 9992.96 9993.25 9993.26 9992.78 9994.45 9994.49 9995.32 9995.89 9996.53 9997.1 9997.93 9997.89 9999.85 9999.95 10000.4 10000.9 9999.9 10000 
9994.7 9994.7 9993.49 9993.76 9993.76 9993.24 9994.86 9994.85 9995.64 9996.17 9996.76 9997.3 9998.08 9998 9999.91 9999.98 10000.4 10000.9 9999.9 10000 
9995.19 9995.19 9993.99 9994.25 9994.22 9993.68 9995.25 9995.2 9995.95 9996.43 9996.99 9997.48 9998.23 9998.1 9999.96 10000 10000.4 10000.9 9999.9 10000 
9995.65 9995.65 9994.46 9994.71 9994.67 9994.09 9995.61 9995.52 9996.24 9996.68 9997.2 9997.65 9998.37 9998.2 10000 10000 10000.4 10000.9 9999.9 10000 
9996.09 9996.09 9994.91 9995.15 9995.08 9994.48 9995.96 9995.83 9996.51 9996.92 9997.4 9997.82 9998.5 9998.3 10000.1 10000 10000.4 10000.9 9999.9 10000 
9996.51 9996.51 9995.34 9995.56 9995.48 9994.85 9996.28 9996.13 9996.77 9997.14 9997.59 9997.97 9998.62 9998.38 10000.1 10000.1 10000.4 10000.9 9999.9 10000 
9996.9 9996.9 9995.74 9995.96 9995.86 9995.2 9996.59 9996.4 9997.02 9997.36 9997.78 9998.12 9998.74 9998.47 10000.1 10000.1 10000.4 10000.9 9999.9 10000 
9997.27 9997.27 9996.12 9996.33 9996.21 9995.53 9996.88 9996.66 9997.25 9997.56 9997.95 9998.26 9998.85 9998.55 10000.2 10000.1 10000.4 10000.9 9999.9 10000 
9997.62 9997.62 9996.48 9996.68 9996.55 9995.85 9997.16 9996.91 9997.47 9997.75 9998.11 9998.39 9998.95 9998.62 10000.2 10000.1 10000.4 10000.9 9999.9 10000 
9997.95 9997.95 9996.82 9997.01 9996.86 9996.15 9997.42 9997.14 9997.68 9997.92 9998.26 9998.51 9999.05 9998.69 10000.3 10000.1 10000.4 10000.9 9999.9 10000 
9998.27 9998.27 9997.14 9997.32 9997.16 9996.43 9997.66 9997.36 9997.88 9998.09 9998.4 9998.63 9999.14 9998.75 10000.3 10000.1 10000.4 10000.8 9999.9 10000 
9998.56 9998.56 9997.44 9997.61 9997.45 9996.69 9997.9 9997.57 9998.06 9998.25 9998.54 9998.73 9999.23 9998.82 10000.3 10000.2 10000.4 10000.8 9999.9 10000 
9998.84 9998.84 9997.73 9997.89 9997.72 9996.94 9998.12 9997.77 9998.24 9998.4 9998.67 9998.84 9999.31 9998.88 10000.3 10000.2 10000.4 10000.8 9999.9 10000 
9999.1 9999.1 9998 9998.16 9997.97 9997.18 9998.32 9997.95 9998.4 9998.54 9998.79 9998.93 9999.39 9998.93 10000.4 10000.2 10000.4 10000.8 9999.9 10000 
9999.35 9999.35 9998.25 9998.41 9998.21 9997.4 9998.52 9998.13 9998.56 9998.68 9998.9 9999.03 9999.46 9998.98 10000.4 10000.2 10000.4 10000.8 9999.9 10000 
9999.58 9999.58 9998.5 9998.64 9998.43 9997.62 9998.7 9998.29 9998.7 9998.8 9999.01 9999.11 9999.53 9999.03 10000.4 10000.2 10000.4 10000.8 9999.9 10000 
9999.8 9999.8 9998.72 9998.86 9998.65 9997.82 9998.87 9998.45 9998.84 9998.92 9999.11 9999.19 9999.6 9999.08 10000.4 10000.2 10000.4 10000.8 9999.9 10000 
10000 10000 9998.94 9999.07 9998.85 9998 9999.04 9998.59 9998.97 9999.03 9999.2 9999.27 9999.66 9999.12 10000.4 10000.2 10000.4 10000.8 9999.9 10000 
10000.2 10000.2 9999.14 9999.27 9999.04 9998.18 9999.19 9998.73 9999.1 9999.14 9999.29 9999.34 9999.71 9999.16 10000.5 10000.2 10000.4 10000.8 9999.9 10000 
10000.4 10000.4 9999.33 9999.45 9999.21 9998.35 9999.33 9998.86 9999.21 9999.24 9999.37 9999.41 9999.77 9999.2 10000.5 10000.2 10000.4 10000.8 9999.9 10000 
10000.6 10000.6 9999.51 9999.62 9999.38 9998.51 9999.47 9998.98 9999.32 9999.33 9999.45 9999.47 9999.82 9999.23 10000.5 10000.2 10000.4 10000.8 9999.9 10000 
10000.7 10000.7 9999.68 9999.79 9999.54 9998.66 9999.6 9999.1 9999.42 9999.42 9999.53 9999.53 9999.86 9999.27 10000.5 10000.2 10000.4 10000.8 9999.9 10000 
10000.9 10000.9 9999.84 9999.94 9999.69 9998.8 9999.72 9999.2 9999.52 9999.5 9999.6 9999.58 9999.91 9999.3 10000.5 10000.2 10000.4 10000.8 9999.9 10000 
10001 10001 9999.99 10000.1 9999.83 9998.93 9999.83 9999.3 9999.61 9999.57 9999.66 9999.63 9999.95 9999.32 10000.5 10000.2 10000.4 10000.7 9999.9 10000 
10001.1 10001.1 10000.1 10000.2 9999.96 9999.05 9999.93 9999.4 9999.69 9999.65 9999.72 9999.68 9999.99 9999.35 10000.5 10000.2 10000.4 10000.7 9999.9 10000 
10001.3 10001.3 10000.3 10000.3 10000.1 9999.17 10000 9999.49 9999.77 9999.71 9999.78 9999.72 10000 9999.38 10000.5 10000.2 10000.3 10000.7 9999.9 10000 
10001.4 10001.4 10000.4 10000.5 10000.2 9999.28 10000.1 9999.57 9999.85 9999.77 9999.83 9999.77 10000.1 9999.4 10000.5 10000.2 10000.3 10000.7 9999.9 10000 
10001.5 10001.5 10000.5 10000.6 10000.3 9999.38 10000.2 9999.65 9999.92 9999.83 9999.88 9999.8 10000.1 9999.42 10000.5 10000.2 10000.3 10000.7 9999.9 10000 
10001.6 10001.6 10000.6 10000.7 10000.4 9999.48 10000.3 9999.72 9999.98 9999.89 9999.93 9999.84 10000.1 9999.44 10000.6 10000.2 10000.3 10000.7 9999.9 10000 
10001.7 10001.7 10000.7 10000.8 10000.5 9999.57 10000.4 9999.79 10000 9999.94 9999.97 9999.87 10000.1 9999.46 10000.6 10000.2 10000.3 10000.7 9999.9 10000 
10001.8 10001.8 10000.8 10000.9 10000.6 9999.65 10000.4 9999.85 10000.1 9999.99 10000 9999.9 10000.2 9999.48 10000.6 10000.2 10000.3 10000.7 9999.9 10000 
10001.8 10001.8 10000.9 10001 10000.7 9999.73 10000.5 9999.91 10000.2 10000 10000 9999.93 10000.2 9999.49 10000.6 10000.2 10000.3 10000.7 9999.9 10000 
10001.9 10001.9 10001 10001 10000.7 9999.8 10000.6 9999.97 10000.2 10000.1 10000.1 9999.96 10000.2 9999.51 10000.6 10000.2 10000.3 10000.7 9999.9 10000 
10002 10002 10001.1 10001.1 10000.8 9999.87 10000.6 10000 10000.2 10000.1 10000.1 9999.98 10000.2 9999.52 10000.6 10000.2 10000.3 10000.7 9999.9 10000 
10002.1 10002.1 10001.1 10001.2 10000.9 9999.94 10000.7 10000.1 10000.3 10000.1 10000.1 10000 10000.2 9999.53 10000.6 10000.2 10000.3 10000.7 9999.9 10000 
10002.1 10002.1 10001.2 10001.2 10001 10000 10000.7 10000.1 10000.3 10000.2 10000.2 10000 10000.3 9999.54 10000.6 10000.2 10000.3 10000.6 9999.9 10000 
10002.2 10002.2 10001.3 10001.3 10001 10000.1 10000.8 10000.1 10000.4 10000.2 10000.2 10000 10000.3 9999.55 10000.6 10000.2 10000.3 10000.6 9999.9 10000 
10002.2 10002.2 10001.3 10001.4 10001.1 10000.1 10000.8 10000.2 10000.4 10000.2 10000.2 10000.1 10000.3 9999.56 10000.6 10000.2 10000.3 10000.6 9999.9 10000 
10002.3 10002.3 10001.4 10001.4 10001.1 10000.2 10000.8 10000.2 10000.4 10000.3 10000.2 10000.1 10000.3 9999.57 10000.6 10000.2 10000.3 10000.6 9999.9 10000 
10002.3 10002.3 10001.4 10001.5 10001.2 10000.2 10000.9 10000.3 10000.5 10000.3 10000.3 10000.1 10000.3 9999.58 10000.6 10000.2 10000.3 10000.6 9999.9 10000 
10002.3 10002.3 10001.5 10001.5 10001.2 10000.2 10000.9 10000.3 10000.5 10000.3 10000.3 10000.1 10000.3 9999.58 10000.6 10000.2 10000.3 10000.6 9999.9 10000 
10002.4 10002.4 10001.5 10001.5 10001.2 10000.3 10000.9 10000.3 10000.5 10000.3 10000.3 10000.1 10000.3 9999.59 10000.5 10000.2 10000.3 10000.6 9999.9 10000 
10002.4 10002.4 10001.5 10001.6 10001.3 10000.3 10001 10000.3 10000.5 10000.3 10000.3 10000.1 10000.3 9999.6 10000.5 10000.2 10000.3 10000.6 9999.9 10000 
10002.4 10002.4 10001.6 10001.6 10001.3 10000.3 10001 10000.4 10000.5 10000.3 10000.3 10000.1 10000.3 9999.6 10000.5 10000.2 10000.3 10000.6 9999.9 10000 
10002.5 10002.5 10001.6 10001.6 10001.3 10000.4 10001 10000.4 10000.6 10000.4 10000.3 10000.1 10000.3 9999.6 10000.5 10000.2 10000.3 10000.6 9999.9 10000 
10002.5 10002.5 10001.6 10001.7 10001.4 10000.4 10001 10000.4 10000.6 10000.4 10000.3 10000.1 10000.4 9999.61 10000.5 10000.2 10000.3 10000.6 9999.9 10000 
10002.5 10002.5 10001.7 10001.7 10001.4 10000.4 10001 10000.4 10000.6 10000.4 10000.4 10000.1 10000.4 9999.61 10000.5 10000.2 10000.3 10000.6 9999.9 10000 
10002.5 10002.5 10001.7 10001.7 10001.4 10000.4 10001.1 10000.4 10000.6 10000.4 10000.4 10000.2 10000.4 9999.61 10000.5 10000.2 10000.3 10000.6 9999.9 10000 
10002.5 10002.5 10001.7 10001.7 10001.4 10000.5 10001.1 10000.4 10000.6 10000.4 10000.4 10000.2 10000.4 9999.61 10000.5 10000.2 10000.2 10000.6 9999.9 10000 
10002.5 10002.5 10001.7 10001.7 10001.4 10000.5 10001.1 10000.4 10000.6 10000.4 10000.4 10000.2 10000.4 9999.61 10000.5 10000.2 10000.2 10000.6 9999.9 10000 
10002.6 10002.6 10001.7 10001.7 10001.5 10000.5 10001.1 10000.5 10000.6 10000.4 10000.4 10000.2 10000.4 9999.61 10000.5 10000.2 10000.2 10000.5 9999.9 10000 
10002.6 10002.6 10001.8 10001.8 10001.5 10000.5 10001.1 10000.5 10000.6 10000.4 10000.4 10000.2 10000.4 9999.61 10000.5 10000.2 10000.2 10000.5 9999.9 10000 
10002.6 10002.6 10001.8 10001.8 10001.5 10000.5 10001.1 10000.5 10000.6 10000.4 10000.4 10000.2 10000.4 9999.61 10000.5 10000.2 10000.2 10000.5 9999.9 10000 
10002.6 10002.6 10001.8 10001.8 10001.5 10000.5 10001.1 10000.5 10000.7 10000.4 10000.4 10000.2 10000.4 9999.61 10000.5 10000.1 10000.2 10000.5 9999.9 10000 
10002.6 10002.6 10001.8 10001.8 10001.5 10000.5 10001.1 10000.5 10000.7 10000.4 10000.4 10000.2 10000.4 9999.61 10000.5 10000.1 10000.2 10000.5 9999.9 10000 
10002.6 10002.6 10001.8 10001.8 10001.5 10000.5 10001.1 10000.5 10000.7 10000.4 10000.4 10000.2 10000.4 9999.61 10000.5 10000.1 10000.2 10000.5 9999.9 10000 
10002.6 10002.6 10001.8 10001.8 10001.5 10000.6 10001.1 10000.5 10000.7 10000.4 10000.4 10000.2 10000.4 9999.61 10000.5 10000.1 10000.2 10000.5 9999.9 10000 
10002.6 10002.6 10001.8 10001.8 10001.5 10000.6 10001.1 10000.5 10000.7 10000.4 10000.4 10000.1 10000.4 9999.6 10000.5 10000.1 10000.2 10000.5 9999.9 10000 
10002.6 10002.6 10001.8 10001.8 10001.5 10000.6 10001.1 10000.5 10000.7 10000.4 10000.4 10000.1 10000.4 9999.6 10000.4 10000.1 10000.2 10000.5 9999.9 10000 
10002.6 10002.6 10001.8 10001.8 10001.5 10000.6 10001.1 10000.5 10000.7 10000.4 10000.4 10000.1 10000.4 9999.6 10000.4 10000.1 10000.2 10000.5 9999.9 10000 
10002.6 10002.6 10001.8 10001.8 10001.5 10000.6 10001.1 10000.5 10000.7 10000.4 10000.4 10000.1 10000.3 9999.6 10000.4 10000.1 10000.2 10000.5 9999.9 10000 
10002.5 10002.5 10001.8 10001.8 10001.5 10000.6 10001.1 10000.5 10000.7 10000.4 10000.4 10000.1 10000.3 9999.59 10000.4 10000.1 10000.2 10000.5 9999.9 10000 
10002.5 10002.5 10001.8 10001.8 10001.5 10000.6 10001.1 10000.5 10000.6 10000.4 10000.4 10000.1 10000.3 9999.59 10000.4 10000.1 10000.2 10000.5 9999.9 10000 
10002.5 10002.5 10001.8 10001.8 10001.5 10000.6 10001.1 10000.5 10000.6 10000.4 10000.4 10000.1 10000.3 9999.59 10000.4 10000.1 10000.2 10000.5 9999.9 10000 
10002.5 10002.5 10001.8 10001.8 10001.5 10000.6 10001.1 10000.5 10000.6 10000.4 10000.4 10000.1 10000.3 9999.58 10000.4 10000.1 10000.2 10000.5 9999.9 10000 
10002.5 10002.5 10001.8 10001.8 10001.5 10000.6 10001.1 10000.5 10000.6 10000.4 10000.4 10000.1 10000.3 9999.58 10000.4 10000.1 10000.2 10000.5 9999.9 10000 
10002.5 10002.5 10001.8 10001.8 10001.5 10000.6 10001.1 10000.4 10000.6 10000.4 10000.4 10000.1 10000.3 9999.57 10000.4 10000.1 10000.2 10000.4 9999.9 10000 
10002.5 10002.5 10001.8 10001.7 10001.5 10000.5 10001.1 10000.4 10000.6 10000.4 10000.3 10000.1 10000.3 9999.57 10000.4 10000.1 10000.2 10000.4 9999.9 10000 
10002.5 10002.5 10001.8 10001.7 10001.5 10000.5 10001 10000.4 10000.6 10000.4 10000.3 10000.1 10000.3 9999.57 10000.4 10000.1 10000.2 10000.4 9999.9 10000 
10002.4 10002.4 10001.7 10001.7 10001.5 10000.5 10001 10000.4 10000.6 10000.4 10000.3 10000.1 10000.3 9999.56 10000.4 10000.1 10000.2 10000.4 9999.9 10000 
10002.4 10002.4 10001.7 10001.7 10001.4 10000.5 10001 10000.4 10000.6 10000.3 10000.3 10000.1 10000.3 9999.56 10000.4 10000.1 10000.2 10000.4 9999.9 10000 
10002.4 10002.4 10001.7 10001.7 10001.4 10000.5 10001 10000.4 10000.6 10000.3 10000.3 10000.1 10000.3 9999.55 10000.3 10000.1 10000.1 10000.4 9999.9 10000 
10002.4 10002.4 10001.7 10001.7 10001.4 10000.5 10001 10000.4 10000.6 10000.3 10000.3 10000.1 10000.3 9999.55 10000.3 10000.1 10000.1 10000.4 9999.9 10000 
10002.4 10002.4 10001.7 10001.7 10001.4 10000.5 10001 10000.4 10000.6 10000.3 10000.3 10000.1 10000.3 9999.54 10000.3 10000 10000.1 10000.4 9999.9 10000 
10002.4 10002.4 10001.7 10001.7 10001.4 10000.5 10001 10000.4 10000.6 10000.3 10000.3 10000 10000.3 9999.54 10000.3 10000 10000.1 10000.4 9999.9 10000 
10002.4 10002.4 10001.7 10001.7 10001.4 10000.5 10001 10000.4 10000.6 10000.3 10000.3 10000 10000.3 9999.53 10000.3 10000 10000.1 10000.4 9999.9 10000 
10002.3 10002.3 10001.7 10001.6 10001.4 10000.5 10001 10000.4 10000.6 10000.3 10000.3 10000 10000.3 9999.53 10000.3 10000 10000.1 10000.4 9999.9 10000 
10002.3 10002.3 10001.7 10001.6 10001.4 10000.5 10000.9 10000.4 10000.5 10000.3 10000.3 10000 10000.2 9999.52 10000.3 10000 10000.1 10000.4 9999.9 10000 
10002.3 10002.3 10001.6 10001.6 10001.4 10000.5 10000.9 10000.3 10000.5 10000.3 10000.3 10000 10000.2 9999.51 10000.3 10000 10000.1 10000.4 9999.9 10000 
10002.3 10002.3 10001.6 10001.6 10001.3 10000.4 10000.9 10000.3 10000.5 10000.3 10000.3 10000 10000.2 9999.51 10000.3 10000 10000.1 10000.4 9999.9 10000 
10002.3 10002.3 10001.6 10001.6 10001.3 10000.4 10000.9 10000.3 10000.5 10000.3 10000.3 9999.99 10000.2 9999.5 10000.3 10000 10000.1 10000.4 9999.9 10000 
10002.2 10002.2 10001.6 10001.6 10001.3 10000.4 10000.9 10000.3 10000.5 10000.2 10000.2 9999.98 10000.2 9999.5 10000.3 10000 10000.1 10000.4 9999.91 10000 
10002.2 10002.2 10001.6 10001.6 10001.3 10000.4 10000.9 10000.3 10000.5 10000.2 10000.2 9999.97 10000.2 9999.49 10000.3 10000 10000.1 10000.4 9999.91 10000 
10002.2 10002.2 10001.6 10001.5 10001.3 10000.4 10000.9 10000.3 10000.5 10000.2 10000.2 9999.96 10000.2 9999.49 10000.2 10000 10000.1 10000.4 9999.91 10000 
10002.2 10002.2 10001.6 10001.5 10001.3 10000.4 10000.8 10000.3 10000.5 10000.2 10000.2 9999.95 10000.2 9999.48 10000.2 9999.99 10000.1 10000.4 9999.91 10000 
10002.2 10002.2 10001.5 10001.5 10001.3 10000.4 10000.8 10000.3 10000.5 10000.2 10000.2 9999.94 10000.2 9999.48 10000.2 9999.99 10000.1 10000.4 9999.91 10000 
10002.1 10002.1 10001.5 10001.5 10001.2 10000.4 10000.8 10000.2 10000.4 10000.2 10000.2 9999.94 10000.2 9999.47 10000.2 9999.98 10000.1 10000.3 9999.91 10000 
10002.1 10002.1 10001.5 10001.5 10001.2 10000.4 10000.8 10000.2 10000.4 10000.2 10000.2 9999.93 10000.2 9999.46 10000.2 9999.98 10000.1 10000.3 9999.91 10000 
10002.1 10002.1 10001.5 10001.5 10001.2 10000.3 10000.8 10000.2 10000.4 10000.2 10000.2 9999.92 10000.2 9999.46 10000.2 9999.97 10000.1 10000.3 9999.91 10000 
10002.1 10002.1 10001.5 10001.4 10001.2 10000.3 10000.8 10000.2 10000.4 10000.2 10000.2 9999.91 10000.2 9999.45 10000.2 9999.97 10000.1 10000.3 9999.91 10000 
10002.1 10002.1 10001.5 10001.4 10001.2 10000.3 10000.8 10000.2 10000.4 10000.1 10000.2 9999.9 10000.1 9999.45 10000.2 9999.96 10000.1 10000.3 9999.91 10000 
10002 10002 10001.4 10001.4 10001.2 10000.3 10000.7 10000.2 10000.4 10000.1 10000.2 9999.89 10000.1 9999.44 10000.2 9999.96 10000.1 10000.3 9999.91 10000 
10002 10002 10001.4 10001.4 10001.1 10000.3 10000.7 10000.2 10000.4 10000.1 10000.1 9999.88 10000.1 9999.44 10000.2 9999.95 10000.1 10000.3 9999.91 10000 
10002 10002 10001.4 10001.4 10001.1 10000.3 10000.7 10000.2 10000.4 10000.1 10000.1 9999.87 10000.1 9999.43 10000.2 9999.95 10000.1 10000.3 9999.91 10000 
10002 10002 10001.4 10001.3 10001.1 10000.3 10000.7 10000.2 10000.4 10000.1 10000.1 9999.86 10000.1 9999.42 10000.2 9999.94 10000.1 10000.3 9999.91 10000 
10002 10002 10001.4 10001.3 10001.1 10000.2 10000.7 10000.1 10000.3 10000.1 10000.1 9999.85 10000.1 9999.42 10000.2 9999.94 10000.1 10000.3 9999.91 10000 
10001.9 10001.9 10001.4 10001.3 10001.1 10000.2 10000.7 10000.1 10000.3 10000.1 10000.1 9999.84 10000.1 9999.41 10000.1 9999.93 10000.1 10000.3 9999.91 10000 
10001.9 10001.9 10001.3 10001.3 10001.1 10000.2 10000.7 10000.1 10000.3 10000.1 10000.1 9999.83 10000.1 9999.41 10000.1 9999.93 10000.1 10000.3 9999.91 10000 
10001.9 10001.9 10001.3 10001.3 10001 10000.2 10000.6 10000.1 10000.3 10000.1 10000.1 9999.82 10000.1 9999.4 10000.1 9999.93 10000 10000.3 9999.91 10000 
10001.9 10001.9 10001.3 10001.3 10001 10000.2 10000.6 10000.1 10000.3 10000 10000.1 9999.82 10000.1 9999.4 10000.1 9999.92 10000 10000.3 9999.91 10000 
10001.8 10001.8 10001.3 10001.2 10001 10000.2 10000.6 10000.1 10000.3 10000 10000.1 9999.81 10000.1 9999.39 10000.1 9999.92 10000 10000.3 9999.91 10000 
10001.8 10001.8 10001.3 10001.2 10001 10000.2 10000.6 10000.1 10000.3 10000 10000.1 9999.8 10000.1 9999.38 10000.1 9999.91 10000 10000.3 9999.91 10000 
10001.8 10001.8 10001.3 10001.2 10001 10000.2 10000.6 10000.1 10000.3 10000 10000.1 9999.79 10000 9999.38 10000.1 9999.91 10000 10000.3 9999.91 10000 
10001.8 10001.8 10001.2 10001.2 10001 10000.1 10000.6 10000 10000.3 10000 10000 9999.78 10000 9999.37 10000.1 9999.9 10000 10000.3 9999.91 10000 
10001.8 10001.8 10001.2 10001.2 10001 10000.1 10000.6 10000 10000.2 9999.99 10000 9999.77 10000 9999.37 10000.1 9999.9 10000 10000.3 9999.91 10000 
10001.7 10001.7 10001.2 10001.2 10000.9 10000.1 10000.5 10000 10000.2 9999.98 10000 9999.76 10000 9999.36 10000.1 9999.9 10000 10000.3 9999.91 10000 
10001.7 10001.7 10001.2 10001.1 10000.9 10000.1 10000.5 10000 10000.2 9999.97 10000 9999.75 10000 9999.36 10000.1 9999.89 10000 10000.3 9999.91 10000 
10001.7 10001.7 10001.2 10001.1 10000.9 10000.1 10000.5 9999.99 10000.2 9999.95 10000 9999.74 10000 9999.35 10000.1 9999.89 10000 10000.3 9999.91 10000 
10001.7 10001.7 10001.2 10001.1 10000.9 10000.1 10000.5 9999.98 10000.2 9999.94 10000 9999.73 10000 9999.35 10000.1 9999.88 10000 10000.3 9999.91 10000 
10001.7 10001.7 10001.2 10001.1 10000.9 10000.1 10000.5 9999.97 10000.2 9999.93 9999.99 9999.72 10000 9999.34 10000.1 9999.88 10000 10000.3 9999.91 10000 
10001.6 10001.6 10001.1 10001.1 10000.9 10000 10000.5 9999.95 10000.2 9999.92 9999.98 9999.72 9999.99 9999.34 10000.1 9999.88 10000 10000.2 9999.91 10000 
10001.6 10001.6 10001.1 10001.1 10000.8 10000 10000.4 9999.94 10000.2 9999.91 9999.97 9999.71 9999.98 9999.33 10000 9999.87 10000 10000.2 9999.91 10000 
10001.6 10001.6 10001.1 10001 10000.8 10000 10000.4 9999.93 10000.2 9999.9 9999.96 9999.7 9999.97 9999.32 10000 9999.87 10000 10000.2 9999.91 10000 
10001.6 10001.6 10001.1 10001 10000.8 10000 10000.4 9999.92 10000.1 9999.89 9999.95 9999.69 9999.97 9999.32 10000 9999.86 10000 10000.2 9999.91 10000 
10001.6 10001.6 10001.1 10001 10000.8 10000 10000.4 9999.91 10000.1 9999.88 9999.94 9999.68 9999.96 9999.31 10000 9999.86 10000 10000.2 9999.91 10000 
10001.5 10001.5 10001.1 10001 10000.8 9999.98 10000.4 9999.89 10000.1 9999.87 9999.94 9999.67 9999.95 9999.31 10000 9999.86 10000 10000.2 9999.91 10000 
10001.5 10001.5 10001 10001 10000.8 9999.97 10000.4 9999.88 10000.1 9999.86 9999.93 9999.66 9999.94 9999.3 10000 9999.85 10000 10000.2 9999.91 10000 
10001.5 10001.5 10001 10000.9 10000.8 9999.96 10000.4 9999.87 10000.1 9999.85 9999.92 9999.66 9999.94 9999.3 10000 9999.85 9999.99 10000.2 9999.91 10000 
10001.5 10001.5 10001 10000.9 10000.7 9999.95 10000.3 9999.86 10000.1 9999.84 9999.91 9999.65 9999.93 9999.29 10000 9999.84 9999.99 10000.2 9999.91 10000 
10001.5 10001.5 10001 10000.9 10000.7 9999.93 10000.3 9999.85 10000.1 9999.83 9999.9 9999.64 9999.92 9999.29 9999.99 9999.84 9999.99 10000.2 9999.91 10000 
