0 -0.0104343 -0.0138034 -0.0196724 -0.0255414 -0.0314105 -0.034345 -0.034345 -0.034345 -0.034345 -0.034345 -0.034345 -0.034345 -0.034345 -0.0314105 -0.0255414 -0.0196724 -0.0138039 -0.0104334 0 
0 -0.0104094 -0.0137841 -0.0196844 -0.0255541 -0.0314607 -0.0343921 -0.0343565 -0.0343565 -0.0343565 -0.0343565 -0.0343565 -0.0343571 -0.0343939 -0.0314566 -0.0255523 -0.0196833 -0.0137842 -0.0104078 0 
0 -0.0103848 -0.0137649 -0.0196957 -0.0255652 -0.0315079 -0.0344363 -0.0343665 -0.0343669 -0.0343669 -0.0343669 -0.0343669 -0.0343675 -0.0344399 -0.0314999 -0.0255616 -0.0196934 -0.0137647 -0.0103824 0 
0 -0.0103603 -0.0137458 -0.0197061 -0.0255746 -0.0315528 -0.034478 -0.0343749 -0.0343761 -0.0343761 -0.0343761 -0.0343761 -0.0343764 -0.0344835 -0.0315407 -0.0255694 -0.0197027 -0.0137452 -0.0103573 0 
0 -0.0103362 -0.0137266 -0.0197158 -0.0255826 -0.0315952 -0.0345174 -0.0343818 -0.0343843 -0.0343843 -0.0343843 -0.0343842 -0.0343837 -0.0345247 -0.0315792 -0.0255756 -0.0197113 -0.0137258 -0.0103325 0 
0 -0.0103123 -0.0137076 -0.0197248 -0.0255891 -0.0316354 -0.0345546 -0.0343873 -0.0343915 -0.0343914 -0.0343914 -0.0343913 -0.0343897 -0.0345636 -0.0316155 -0.0255805 -0.0197192 -0.0137064 -0.0103079 0 
0 -0.0102886 -0.0136886 -0.0197331 -0.0255943 -0.0316735 -0.0345897 -0.0343916 -0.0343977 -0.0343976 -0.0343976 -0.0343975 -0.0343943 -0.0346004 -0.0316496 -0.0255841 -0.0197265 -0.0136871 -0.0102835 0 
0 -0.0102651 -0.0136698 -0.0197408 -0.0255982 -0.0317095 -0.0346227 -0.0343946 -0.034403 -0.0344028 -0.0344028 -0.0344028 -0.0343977 -0.0346352 -0.0316818 -0.0255865 -0.0197331 -0.0136679 -0.0102594 0 
0 -0.0102419 -0.013651 -0.019748 -0.025601 -0.0317436 -0.0346538 -0.0343965 -0.0344075 -0.0344072 -0.0344072 -0.0344072 -0.0344 -0.0346681 -0.031712 -0.0255877 -0.0197391 -0.0136487 -0.0102355 0 
0 -0.0102189 -0.0136323 -0.0197546 -0.0256025 -0.0317759 -0.0346831 -0.0343974 -0.0344112 -0.0344108 -0.0344108 -0.0344108 -0.0344011 -0.0346991 -0.0317404 -0.0255878 -0.0197446 -0.0136297 -0.0102119 0 
0 -0.0101962 -0.0136138 -0.0197607 -0.0256031 -0.0318064 -0.0347107 -0.0343972 -0.0344142 -0.0344137 -0.0344137 -0.0344137 -0.0344012 -0.0347283 -0.0317671 -0.0255869 -0.0197496 -0.0136108 -0.0101885 0 
0 -0.0101737 -0.0135953 -0.0197663 -0.0256026 -0.0318352 -0.0347366 -0.0343961 -0.0344165 -0.0344158 -0.0344158 -0.0344159 -0.0344004 -0.0347559 -0.0317922 -0.025585 -0.0197542 -0.013592 -0.0101653 0 
0 -0.0101514 -0.013577 -0.0197714 -0.0256012 -0.0318624 -0.0347609 -0.034394 -0.0344182 -0.0344172 -0.0344172 -0.0344175 -0.0343986 -0.0347819 -0.0318156 -0.0255822 -0.0197582 -0.0135733 -0.0101424 0 
0 -0.0101293 -0.0135588 -0.0197761 -0.0255989 -0.0318881 -0.0347838 -0.0343912 -0.0344193 -0.034418 -0.034418 -0.0344184 -0.034396 -0.0348065 -0.0318376 -0.0255786 -0.0197618 -0.0135547 -0.0101197 0 
0 -0.0101075 -0.0135408 -0.0197804 -0.0255957 -0.0319124 -0.0348052 -0.0343876 -0.0344198 -0.0344182 -0.0344182 -0.0344188 -0.0343925 -0.0348295 -0.0318582 -0.0255741 -0.0197651 -0.0135363 -0.0100973 0 
0 -0.0100859 -0.0135229 -0.0197844 -0.0255918 -0.0319353 -0.0348252 -0.0343832 -0.0344197 -0.0344178 -0.0344179 -0.0344187 -0.0343884 -0.0348512 -0.0318774 -0.0255688 -0.0197679 -0.013518 -0.0100751 0 
0 -0.0100646 -0.0135051 -0.0197879 -0.0255871 -0.0319569 -0.034844 -0.0343782 -0.0344192 -0.0344169 -0.034417 -0.0344181 -0.0343835 -0.0348716 -0.0318953 -0.0255629 -0.0197704 -0.0134998 -0.0100531 0 
0 -0.0100434 -0.0134875 -0.0197912 -0.0255817 -0.0319773 -0.0348615 -0.0343725 -0.0344183 -0.0344155 -0.0344156 -0.034417 -0.0343779 -0.0348908 -0.0319121 -0.0255563 -0.0197726 -0.0134818 -0.0100313 0 
0 -0.0100225 -0.01347 -0.0197941 -0.0255756 -0.0319965 -0.0348779 -0.0343662 -0.0344169 -0.0344136 -0.0344137 -0.0344155 -0.0343718 -0.0349088 -0.0319276 -0.025549 -0.0197745 -0.0134639 -0.0100098 0 
0 -0.0100018 -0.0134527 -0.0197968 -0.025569 -0.0320145 -0.0348931 -0.0343594 -0.0344151 -0.0344113 -0.0344115 -0.0344135 -0.0343651 -0.0349256 -0.0319421 -0.0255412 -0.0197761 -0.0134462 -0.00998849 0 
0 -0.0099813 -0.0134355 -0.0197991 -0.0255617 -0.0320315 -0.0349074 -0.034352 -0.034413 -0.0344086 -0.0344087 -0.0344113 -0.0343578 -0.0349414 -0.0319555 -0.0255328 -0.0197774 -0.0134286 -0.00996741 0 
0 -0.00996102 -0.0134185 -0.0198013 -0.0255539 -0.0320475 -0.0349206 -0.0343442 -0.0344105 -0.0344054 -0.0344056 -0.0344086 -0.03435 -0.0349562 -0.0319679 -0.0255239 -0.0197784 -0.0134112 -0.00994655 0 
0 -0.00994096 -0.0134016 -0.0198031 -0.0255456 -0.0320625 -0.0349328 -0.0343359 -0.0344077 -0.0344019 -0.0344022 -0.0344057 -0.0343418 -0.03497 -0.0319794 -0.0255145 -0.0197792 -0.0133939 -0.00992591 0 
0 -0.00992112 -0.013385 -0.0198048 -0.0255369 -0.0320766 -0.0349441 -0.0343273 -0.0344046 -0.0343981 -0.0343984 -0.0344024 -0.0343332 -0.0349829 -0.03199 -0.0255047 -0.0197798 -0.0133768 -0.00990548 0 
0 -0.00990148 -0.0133684 -0.0198062 -0.0255277 -0.0320899 -0.0349546 -0.0343182 -0.0344012 -0.0343939 -0.0343943 -0.0343989 -0.0343241 -0.0349949 -0.0319997 -0.0254944 -0.0197802 -0.0133598 -0.00988527 0 
0 -0.00988205 -0.0133521 -0.0198075 -0.0255181 -0.0321023 -0.0349643 -0.0343088 -0.0343976 -0.0343895 -0.0343898 -0.0343952 -0.0343147 -0.0350061 -0.0320087 -0.0254838 -0.0197803 -0.013343 -0.00986527 0 
0 -0.00986283 -0.0133359 -0.0198086 -0.0255081 -0.0321139 -0.0349732 -0.034299 -0.0343938 -0.0343848 -0.0343851 -0.0343912 -0.034305 -0.0350166 -0.0320168 -0.0254727 -0.0197803 -0.0133264 -0.00984549 0 
0 -0.00984381 -0.0133198 -0.0198095 -0.0254977 -0.0321248 -0.0349813 -0.034289 -0.0343897 -0.0343798 -0.0343802 -0.034387 -0.0342949 -0.0350262 -0.0320242 -0.0254614 -0.0197802 -0.0133099 -0.00982591 0 
0 -0.00982499 -0.013304 -0.0198102 -0.025487 -0.0321349 -0.0349887 -0.0342786 -0.0343855 -0.0343745 -0.034375 -0.0343826 -0.0342845 -0.0350352 -0.032031 -0.0254497 -0.0197798 -0.0132936 -0.00980654 0 
0 -0.00980637 -0.0132883 -0.0198108 -0.025476 -0.0321444 -0.0349955 -0.0342681 -0.034381 -0.034369 -0.0343696 -0.034378 -0.0342739 -0.0350434 -0.0320371 -0.0254378 -0.0197794 -0.0132774 -0.00978737 0 
0 -0.00978795 -0.0132727 -0.0198113 -0.0254648 -0.0321533 -0.0350016 -0.0342573 -0.0343764 -0.0343634 -0.0343639 -0.0343732 -0.034263 -0.035051 -0.0320425 -0.0254256 -0.0197787 -0.0132614 -0.00976841 0 
0 -0.00976973 -0.0132574 -0.0198116 -0.0254532 -0.0321615 -0.0350072 -0.0342462 -0.0343717 -0.0343575 -0.0343581 -0.0343684 -0.0342519 -0.035058 -0.0320474 -0.0254131 -0.019778 -0.0132456 -0.00974965 0 
0 -0.0097517 -0.0132422 -0.0198118 -0.0254414 -0.0321692 -0.0350121 -0.034235 -0.0343668 -0.0343514 -0.0343521 -0.0343633 -0.0342406 -0.0350645 -0.0320517 -0.0254004 -0.0197771 -0.0132299 -0.00973108 0 
0 -0.00973386 -0.0132271 -0.0198119 -0.0254294 -0.0321763 -0.0350166 -0.0342236 -0.0343618 -0.0343452 -0.0343459 -0.0343582 -0.0342291 -0.0350703 -0.0320555 -0.0253875 -0.0197762 -0.0132144 -0.00971271 0 
0 -0.00971621 -0.0132122 -0.019812 -0.0254172 -0.0321829 -0.0350205 -0.0342121 -0.0343567 -0.0343388 -0.0343396 -0.0343529 -0.0342175 -0.0350757 -0.0320587 -0.0253744 -0.0197751 -0.013199 -0.00969453 0 
0 -0.00969874 -0.0131975 -0.0198119 -0.0254048 -0.032189 -0.0350239 -0.0342004 -0.0343515 -0.0343323 -0.0343331 -0.0343476 -0.0342057 -0.0350805 -0.0320615 -0.0253612 -0.0197739 -0.0131839 -0.00967655 0 
0 -0.00968147 -0.013183 -0.0198117 -0.0253922 -0.0321946 -0.0350268 -0.0341886 -0.0343463 -0.0343256 -0.0343265 -0.0343422 -0.0341937 -0.0350849 -0.0320639 -0.0253478 -0.0197727 -0.0131688 -0.00965876 0 
0 -0.00966437 -0.0131686 -0.0198115 -0.0253795 -0.0321998 -0.0350293 -0.0341767 -0.0343409 -0.0343188 -0.0343198 -0.0343366 -0.0341817 -0.0350888 -0.0320658 -0.0253342 -0.0197714 -0.013154 -0.00964115 0 
0 -0.00964746 -0.0131544 -0.0198112 -0.0253666 -0.0322046 -0.0350314 -0.0341647 -0.0343355 -0.0343119 -0.034313 -0.0343311 -0.0341695 -0.0350923 -0.0320673 -0.0253205 -0.01977 -0.0131393 -0.00962373 0 
0 -0.00963073 -0.0131403 -0.0198108 -0.0253536 -0.032209 -0.0350331 -0.0341526 -0.03433 -0.0343049 -0.0343061 -0.0343254 -0.0341572 -0.0350954 -0.0320684 -0.0253068 -0.0197685 -0.0131247 -0.00960649 0 
0 -0.00961417 -0.0131264 -0.0198104 -0.0253405 -0.032213 -0.0350344 -0.0341405 -0.0343244 -0.0342978 -0.034299 -0.0343197 -0.0341449 -0.0350981 -0.0320692 -0.0252929 -0.019767 -0.0131103 -0.00958943 0 
0 -0.00959779 -0.0131127 -0.0198099 -0.0253273 -0.0322167 -0.0350354 -0.0341282 -0.0343189 -0.0342906 -0.0342919 -0.034314 -0.0341325 -0.0351005 -0.0320696 -0.0252789 -0.0197654 -0.0130961 -0.00957256 0 
0 -0.00958158 -0.0130991 -0.0198094 -0.025314 -0.03222 -0.035036 -0.034116 -0.0343132 -0.0342833 -0.0342848 -0.0343083 -0.03412 -0.0351025 -0.0320697 -0.0252649 -0.0197637 -0.013082 -0.00955586 0 
0 -0.00956555 -0.0130857 -0.0198088 -0.0253006 -0.032223 -0.0350363 -0.0341037 -0.0343076 -0.034276 -0.0342775 -0.0343025 -0.0341075 -0.0351041 -0.0320695 -0.0252507 -0.019762 -0.0130681 -0.00953933 0 
0 -0.00954968 -0.0130724 -0.0198082 -0.0252872 -0.0322257 -0.0350363 -0.0340913 -0.0343019 -0.0342686 -0.0342702 -0.0342967 -0.034095 -0.0351055 -0.032069 -0.0252366 -0.0197603 -0.0130543 -0.00952298 0 
0 -0.00953398 -0.0130593 -0.0198075 -0.0252737 -0.0322281 -0.035036 -0.034079 -0.0342962 -0.0342612 -0.0342628 -0.0342909 -0.0340824 -0.0351065 -0.0320682 -0.0252224 -0.0197586 -0.0130407 -0.0095068 0 
0 -0.00951845 -0.0130464 -0.0198068 -0.0252602 -0.0322302 -0.0350355 -0.0340666 -0.0342906 -0.0342537 -0.0342554 -0.034285 -0.0340698 -0.0351073 -0.0320672 -0.0252081 -0.0197568 -0.0130272 -0.00949079 0 
0 -0.00950308 -0.0130336 -0.0198061 -0.0252466 -0.0322321 -0.0350346 -0.0340543 -0.0342849 -0.0342461 -0.034248 -0.0342792 -0.0340572 -0.0351078 -0.0320659 -0.0251938 -0.0197549 -0.0130139 -0.00947495 0 
0 -0.00948787 -0.0130209 -0.0198054 -0.025233 -0.0322338 -0.0350336 -0.0340419 -0.0342792 -0.0342385 -0.0342405 -0.0342734 -0.0340446 -0.0351081 -0.0320644 -0.0251795 -0.0197531 -0.0130007 -0.00945927 0 
0 -0.00947283 -0.0130084 -0.0198046 -0.0252193 -0.0322352 -0.0350323 -0.0340296 -0.0342735 -0.0342309 -0.034233 -0.0342675 -0.034032 -0.0351081 -0.0320627 -0.0251652 -0.0197512 -0.0129877 -0.00944376 0 
0 -0.00945794 -0.012996 -0.0198038 -0.0252057 -0.0322364 -0.0350308 -0.0340173 -0.0342678 -0.0342233 -0.0342254 -0.0342617 -0.0340194 -0.0351079 -0.0320608 -0.0251509 -0.0197493 -0.0129748 -0.0094284 0 
0 -0.00944321 -0.0129838 -0.0198031 -0.025192 -0.0322374 -0.0350291 -0.034005 -0.0342621 -0.0342156 -0.0342179 -0.0342559 -0.0340069 -0.0351075 -0.0320587 -0.0251366 -0.0197474 -0.0129621 -0.00941321 0 
0 -0.00942863 -0.0129717 -0.0198022 -0.0251784 -0.0322382 -0.0350272 -0.0339927 -0.0342564 -0.034208 -0.0342103 -0.0342501 -0.0339943 -0.0351069 -0.0320564 -0.0251223 -0.0197455 -0.0129495 -0.00939818 0 
0 -0.00941421 -0.0129598 -0.0198014 -0.0251648 -0.0322388 -0.0350251 -0.0339805 -0.0342508 -0.0342003 -0.0342027 -0.0342444 -0.0339818 -0.0351061 -0.0320539 -0.025108 -0.0197435 -0.012937 -0.0093833 0 
0 -0.00939993 -0.012948 -0.0198006 -0.0251511 -0.0322393 -0.0350228 -0.0339683 -0.0342452 -0.0341926 -0.0341951 -0.0342386 -0.0339693 -0.0351051 -0.0320513 -0.0250938 -0.0197416 -0.0129247 -0.00936857 0 
0 -0.00938581 -0.0129364 -0.0197998 -0.0251375 -0.0322396 -0.0350204 -0.0339561 -0.0342396 -0.0341849 -0.0341875 -0.0342329 -0.0339569 -0.0351039 -0.0320485 -0.0250795 -0.0197396 -0.0129125 -0.009354 0 
0 -0.00937183 -0.0129249 -0.019799 -0.0251239 -0.0322397 -0.0350178 -0.033944 -0.034234 -0.0341772 -0.0341799 -0.0342273 -0.0339444 -0.0351026 -0.0320456 -0.0250653 -0.0197376 -0.0129005 -0.00933958 0 
0 -0.009358 -0.0129135 -0.0197981 -0.0251104 -0.0322397 -0.0350151 -0.033932 -0.0342285 -0.0341695 -0.0341723 -0.0342216 -0.0339321 -0.0351011 -0.0320426 -0.0250512 -0.0197357 -0.0128886 -0.0093253 0 
0 -0.00934432 -0.0129023 -0.0197973 -0.0250969 -0.0322396 -0.0350122 -0.03392 -0.0342229 -0.0341618 -0.0341648 -0.034216 -0.0339198 -0.0350995 -0.0320394 -0.0250371 -0.0197337 -0.0128768 -0.00931118 0 
0 -0.00933078 -0.0128912 -0.0197965 -0.0250834 -0.0322393 -0.0350092 -0.033908 -0.0342175 -0.0341541 -0.0341572 -0.0342104 -0.0339075 -0.0350977 -0.0320361 -0.025023 -0.0197317 -0.0128652 -0.0092972 0 
0 -0.00931737 -0.0128802 -0.0197956 -0.0250699 -0.032239 -0.0350061 -0.0338962 -0.034212 -0.0341464 -0.0341496 -0.0342049 -0.0338953 -0.0350958 -0.0320327 -0.0250089 -0.0197297 -0.0128537 -0.00928336 0 
0 -0.00930411 -0.0128693 -0.0197948 -0.0250565 -0.0322385 -0.0350029 -0.0338844 -0.0342066 -0.0341387 -0.0341421 -0.0341994 -0.0338832 -0.0350938 -0.0320293 -0.024995 -0.0197278 -0.0128423 -0.00926966 0 
0 -0.00929099 -0.0128586 -0.019794 -0.0250432 -0.0322379 -0.0349995 -0.0338727 -0.0342013 -0.0341311 -0.0341345 -0.0341939 -0.0338711 -0.0350917 -0.0320257 -0.024981 -0.0197258 -0.012831 -0.00925611 0 
0 -0.009278 -0.012848 -0.0197932 -0.0250299 -0.0322373 -0.0349961 -0.033861 -0.034196 -0.0341234 -0.034127 -0.0341885 -0.0338591 -0.0350895 -0.032022 -0.0249672 -0.0197238 -0.0128199 -0.00924269 0 
0 -0.00926514 -0.0128376 -0.0197924 -0.0250166 -0.0322365 -0.0349926 -0.0338494 -0.0341907 -0.0341158 -0.0341196 -0.0341831 -0.0338472 -0.0350872 -0.0320183 -0.0249534 -0.0197219 -0.0128089 -0.00922941 0 
0 -0.00925242 -0.0128272 -0.0197916 -0.0250035 -0.0322357 -0.034989 -0.0338379 -0.0341854 -0.0341082 -0.0341121 -0.0341778 -0.0338354 -0.0350847 -0.0320145 -0.0249396 -0.0197199 -0.012798 -0.00921627 0 
0 -0.00923983 -0.012817 -0.0197908 -0.0249903 -0.0322348 -0.0349853 -0.0338265 -0.0341802 -0.0341007 -0.0341047 -0.0341725 -0.0338236 -0.0350822 -0.0320106 -0.024926 -0.0197179 -0.0127873 -0.00920326 0 
0 -0.00922737 -0.0128069 -0.01979 -0.0249773 -0.0322338 -0.0349815 -0.0338151 -0.0341751 -0.0340931 -0.0340972 -0.0341673 -0.0338119 -0.0350796 -0.0320067 -0.0249124 -0.019716 -0.0127766 -0.00919038 0 
0 -0.00921504 -0.012797 -0.0197892 -0.0249643 -0.0322327 -0.0349777 -0.0338039 -0.03417 -0.0340856 -0.0340899 -0.0341621 -0.0338002 -0.035077 -0.0320027 -0.0248988 -0.0197141 -0.0127661 -0.00917763 0 
0 -0.00920283 -0.0127871 -0.0197885 -0.0249514 -0.0322316 -0.0349737 -0.0337927 -0.0341649 -0.0340782 -0.0340825 -0.034157 -0.0337887 -0.0350742 -0.0319986 -0.0248854 -0.0197121 -0.0127557 -0.00916501 0 
0 -0.00919076 -0.0127774 -0.0197877 -0.0249385 -0.0322304 -0.0349698 -0.0337816 -0.0341599 -0.0340707 -0.0340752 -0.0341519 -0.0337772 -0.0350714 -0.0319945 -0.024872 -0.0197102 -0.0127454 -0.00915252 0 
0 -0.0091788 -0.0127677 -0.019787 -0.0249258 -0.0322292 -0.0349657 -0.0337706 -0.034155 -0.0340633 -0.0340679 -0.0341469 -0.0337658 -0.0350685 -0.0319904 -0.0248587 -0.0197083 -0.0127352 -0.00914016 0 
0 -0.00916697 -0.0127582 -0.0197863 -0.0249131 -0.0322279 -0.0349617 -0.0337597 -0.0341501 -0.0340559 -0.0340607 -0.0341419 -0.0337545 -0.0350656 -0.0319862 -0.0248455 -0.0197064 -0.0127252 -0.00912792 0 
0 -0.00915526 -0.0127488 -0.0197855 -0.0249004 -0.0322266 -0.0349575 -0.0337488 -0.0341452 -0.0340486 -0.0340535 -0.034137 -0.0337433 -0.0350626 -0.031982 -0.0248323 -0.0197045 -0.0127152 -0.0091158 0 
0 -0.00914367 -0.0127395 -0.0197848 -0.0248879 -0.0322253 -0.0349533 -0.0337381 -0.0341404 -0.0340413 -0.0340463 -0.0341321 -0.0337322 -0.0350595 -0.0319777 -0.0248193 -0.0197027 -0.0127054 -0.00910381 0 
0 -0.0091322 -0.0127303 -0.0197842 -0.0248754 -0.0322239 -0.0349491 -0.0337274 -0.0341356 -0.034034 -0.0340392 -0.0341273 -0.0337211 -0.0350565 -0.0319734 -0.0248063 -0.0197008 -0.0126957 -0.00909193 0 
0 -0.00912084 -0.0127213 -0.0197835 -0.024863 -0.0322225 -0.0349449 -0.0337168 -0.0341309 -0.0340268 -0.0340321 -0.0341225 -0.0337101 -0.0350533 -0.0319691 -0.0247934 -0.0196989 -0.012686 -0.00908017 0 
0 -0.0091096 -0.0127123 -0.0197829 -0.0248507 -0.032221 -0.0349406 -0.0337064 -0.0341262 -0.0340196 -0.034025 -0.0341178 -0.0336993 -0.0350501 -0.0319648 -0.0247806 -0.0196971 -0.0126765 -0.00906854 0 
0 -0.00909848 -0.0127034 -0.0197822 -0.0248385 -0.0322195 -0.0349362 -0.033696 -0.0341216 -0.0340124 -0.034018 -0.0341131 -0.0336885 -0.0350469 -0.0319605 -0.0247678 -0.0196953 -0.0126671 -0.00905701 0 
0 -0.00908747 -0.0126947 -0.0197816 -0.0248264 -0.032218 -0.0349319 -0.0336857 -0.034117 -0.0340053 -0.034011 -0.0341085 -0.0336778 -0.0350437 -0.0319561 -0.0247552 -0.0196935 -0.0126578 -0.00904561 0 
0 -0.00907657 -0.012686 -0.019781 -0.0248143 -0.0322165 -0.0349275 -0.0336755 -0.0341125 -0.0339982 -0.0340041 -0.0341039 -0.0336672 -0.0350404 -0.0319517 -0.0247426 -0.0196917 -0.0126486 -0.00903431 0 
0 -0.00906578 -0.0126775 -0.0197804 -0.0248023 -0.032215 -0.0349231 -0.0336654 -0.034108 -0.0339912 -0.0339972 -0.0340994 -0.0336566 -0.0350371 -0.0319473 -0.0247302 -0.0196899 -0.0126395 -0.00902313 0 
0 -0.0090551 -0.012669 -0.0197798 -0.0247904 -0.0322134 -0.0349187 -0.0336554 -0.0341036 -0.0339842 -0.0339903 -0.034095 -0.0336462 -0.0350337 -0.0319429 -0.0247178 -0.0196881 -0.0126305 -0.00901206 0 
0 -0.00904453 -0.0126606 -0.0197793 -0.0247786 -0.0322118 -0.0349142 -0.0336454 -0.0340992 -0.0339773 -0.0339835 -0.0340905 -0.0336359 -0.0350304 -0.0319385 -0.0247055 -0.0196863 -0.0126215 -0.0090011 0 
0 -0.00903406 -0.0126524 -0.0197787 -0.0247669 -0.0322102 -0.0349097 -0.0336356 -0.0340949 -0.0339704 -0.0339768 -0.0340862 -0.0336256 -0.035027 -0.0319341 -0.0246933 -0.0196846 -0.0126127 -0.00899025 0 
0 -0.00902371 -0.0126442 -0.0197782 -0.0247553 -0.0322087 -0.0349053 -0.0336258 -0.0340906 -0.0339635 -0.0339701 -0.0340819 -0.0336154 -0.0350236 -0.0319297 -0.0246812 -0.0196829 -0.012604 -0.0089795 0 
0 -0.00901345 -0.0126361 -0.0197777 -0.0247438 -0.0322071 -0.0349008 -0.0336162 -0.0340864 -0.0339567 -0.0339634 -0.0340776 -0.0336054 -0.0350201 -0.0319253 -0.0246692 -0.0196812 -0.0125954 -0.00896887 0 
0 -0.0090033 -0.0126282 -0.0197772 -0.0247323 -0.0322054 -0.0348963 -0.0336066 -0.0340822 -0.03395 -0.0339568 -0.0340734 -0.0335954 -0.0350167 -0.0319209 -0.0246572 -0.0196795 -0.0125868 -0.00895833 0 
0 -0.00899326 -0.0126203 -0.0197767 -0.0247209 -0.0322038 -0.0348918 -0.0335972 -0.0340781 -0.0339432 -0.0339502 -0.0340693 -0.0335855 -0.0350132 -0.0319165 -0.0246454 -0.0196778 -0.0125784 -0.0089479 0 
0 -0.00898331 -0.0126125 -0.0197762 -0.0247097 -0.0322022 -0.0348872 -0.0335878 -0.034074 -0.0339366 -0.0339437 -0.0340651 -0.0335757 -0.0350098 -0.0319121 -0.0246337 -0.0196761 -0.01257 -0.00893757 0 
0 -0.00897346 -0.0126047 -0.0197758 -0.0246985 -0.0322006 -0.0348827 -0.0335785 -0.03407 -0.0339299 -0.0339372 -0.0340611 -0.033566 -0.0350063 -0.0319077 -0.024622 -0.0196744 -0.0125618 -0.00892735 0 
0 -0.00896372 -0.0125971 -0.0197754 -0.0246874 -0.032199 -0.0348782 -0.0335693 -0.034066 -0.0339234 -0.0339307 -0.0340571 -0.0335563 -0.0350028 -0.0319033 -0.0246104 -0.0196728 -0.0125536 -0.00891722 0 
0 -0.00895407 -0.0125896 -0.0197749 -0.0246764 -0.0321974 -0.0348736 -0.0335602 -0.034062 -0.0339168 -0.0339243 -0.0340531 -0.0335468 -0.0349993 -0.0318989 -0.0245989 -0.0196711 -0.0125455 -0.00890719 0 
0 -0.00894452 -0.0125821 -0.0197745 -0.0246654 -0.0321958 -0.0348691 -0.0335512 -0.0340581 -0.0339103 -0.033918 -0.0340492 -0.0335373 -0.0349958 -0.0318946 -0.0245875 -0.0196695 -0.0125375 -0.00889726 0 
0 -0.00893506 -0.0125748 -0.0197742 -0.0246546 -0.0321942 -0.0348646 -0.0335423 -0.0340543 -0.0339039 -0.0339117 -0.0340453 -0.033528 -0.0349923 -0.0318902 -0.0245762 -0.0196679 -0.0125296 -0.00888743 0 
0 -0.0089257 -0.0125675 -0.0197738 -0.0246439 -0.0321926 -0.0348601 -0.0335334 -0.0340504 -0.0338975 -0.0339054 -0.0340415 -0.0335187 -0.0349888 -0.0318859 -0.024565 -0.0196663 -0.0125218 -0.00887769 0 
0 -0.00891643 -0.0125603 -0.0197734 -0.0246332 -0.032191 -0.0348555 -0.0335247 -0.0340467 -0.0338911 -0.0338992 -0.0340378 -0.0335095 -0.0349853 -0.0318815 -0.0245539 -0.0196647 -0.012514 -0.00886805 0 
0 -0.00890726 -0.0125532 -0.0197731 -0.0246226 -0.0321894 -0.034851 -0.033516 -0.034043 -0.0338848 -0.0338931 -0.034034 -0.0335004 -0.0349818 -0.0318772 -0.0245429 -0.0196632 -0.0125063 -0.0088585 0 
0 -0.00889817 -0.0125461 -0.0197728 -0.0246122 -0.0321879 -0.0348465 -0.0335075 -0.0340393 -0.0338786 -0.0338869 -0.0340304 -0.0334914 -0.0349782 -0.0318729 -0.0245319 -0.0196616 -0.0124988 -0.00884904 0 
0 -0.00888918 -0.0125392 -0.0197725 -0.0246018 -0.0321863 -0.034842 -0.033499 -0.0340356 -0.0338724 -0.0338809 -0.0340267 -0.0334824 -0.0349747 -0.0318686 -0.0245211 -0.0196601 -0.0124912 -0.00883968 0 
0 -0.00888028 -0.0125323 -0.0197722 -0.0245915 -0.0321848 -0.0348375 -0.0334906 -0.0340321 -0.0338662 -0.0338748 -0.0340231 -0.0334736 -0.0349712 -0.0318644 -0.0245103 -0.0196586 -0.0124838 -0.0088304 0 
0 -0.00887147 -0.0125255 -0.0197719 -0.0245812 -0.0321832 -0.034833 -0.0334823 -0.0340285 -0.0338601 -0.0338689 -0.0340196 -0.0334648 -0.0349677 -0.0318601 -0.0244996 -0.019657 -0.0124765 -0.00882122 0 
0 -0.00886274 -0.0125188 -0.0197716 -0.0245711 -0.0321817 -0.0348285 -0.033474 -0.034025 -0.033854 -0.0338629 -0.0340161 -0.0334562 -0.0349642 -0.0318559 -0.024489 -0.0196555 -0.0124692 -0.00881212 0 
0 -0.0088541 -0.0125121 -0.0197713 -0.0245611 -0.0321802 -0.034824 -0.0334659 -0.0340215 -0.033848 -0.0338571 -0.0340127 -0.0334476 -0.0349607 -0.0318517 -0.0244785 -0.019654 -0.012462 -0.00880311 0 
0 -0.00884555 -0.0125055 -0.0197711 -0.0245511 -0.0321787 -0.0348195 -0.0334578 -0.0340181 -0.033842 -0.0338512 -0.0340092 -0.033439 -0.0349572 -0.0318475 -0.0244681 -0.0196526 -0.0124548 -0.00879419 0 
0 -0.00883708 -0.012499 -0.0197709 -0.0245412 -0.0321772 -0.0348151 -0.0334499 -0.0340147 -0.0338361 -0.0338454 -0.0340059 -0.0334306 -0.0349537 -0.0318433 -0.0244578 -0.0196511 -0.0124478 -0.00878536 0 
0 -0.0088287 -0.0124926 -0.0197707 -0.0245314 -0.0321758 -0.0348106 -0.033442 -0.0340114 -0.0338302 -0.0338397 -0.0340026 -0.0334223 -0.0349503 -0.0318391 -0.0244475 -0.0196497 -0.0124408 -0.0087766 0 
0 -0.0088204 -0.0124862 -0.0197705 -0.0245217 -0.0321743 -0.0348062 -0.0334342 -0.0340081 -0.0338243 -0.033834 -0.0339993 -0.033414 -0.0349468 -0.031835 -0.0244373 -0.0196482 -0.0124339 -0.00876794 0 
0 -0.00881218 -0.0124799 -0.0197703 -0.0245121 -0.0321729 -0.0348018 -0.0334264 -0.0340048 -0.0338186 -0.0338283 -0.033996 -0.0334058 -0.0349433 -0.0318309 -0.0244273 -0.0196468 -0.0124271 -0.00875935 0 
0 -0.00880404 -0.0124737 -0.0197701 -0.0245026 -0.0321715 -0.0347973 -0.0334188 -0.0340016 -0.0338128 -0.0338227 -0.0339928 -0.0333977 -0.0349399 -0.0318268 -0.0244173 -0.0196454 -0.0124203 -0.00875085 0 
0 -0.00879599 -0.0124675 -0.0197699 -0.0244931 -0.0321701 -0.0347929 -0.0334112 -0.0339984 -0.0338071 -0.0338171 -0.0339897 -0.0333897 -0.0349364 -0.0318227 -0.0244074 -0.019644 -0.0124136 -0.00874243 0 
0 -0.00878801 -0.0124614 -0.0197698 -0.0244837 -0.0321687 -0.0347886 -0.0334038 -0.0339952 -0.0338014 -0.0338116 -0.0339865 -0.0333817 -0.034933 -0.0318187 -0.0243975 -0.0196426 -0.012407 -0.00873409 0 
0 -0.00878011 -0.0124554 -0.0197697 -0.0244745 -0.0321673 -0.0347842 -0.0333963 -0.0339921 -0.0337958 -0.0338061 -0.0339835 -0.0333739 -0.0349296 -0.0318147 -0.0243878 -0.0196412 -0.0124004 -0.00872582 0 
0 -0.00877229 -0.0124495 -0.0197695 -0.0244652 -0.032166 -0.0347798 -0.033389 -0.033989 -0.0337903 -0.0338007 -0.0339804 -0.0333661 -0.0349262 -0.0318107 -0.0243781 -0.0196398 -0.0123939 -0.00871764 0 
0 -0.00876455 -0.0124436 -0.0197694 -0.0244561 -0.0321647 -0.0347755 -0.0333818 -0.033986 -0.0337847 -0.0337953 -0.0339774 -0.0333584 -0.0349228 -0.0318067 -0.0243685 -0.0196385 -0.0123875 -0.00870953 0 
0 -0.00875689 -0.0124378 -0.0197693 -0.0244471 -0.0321633 -0.0347712 -0.0333746 -0.033983 -0.0337793 -0.03379 -0.0339744 -0.0333507 -0.0349194 -0.0318027 -0.024359 -0.0196371 -0.0123811 -0.00870151 0 
0 -0.0087493 -0.012432 -0.0197692 -0.0244381 -0.0321621 -0.0347669 -0.0333675 -0.03398 -0.0337738 -0.0337847 -0.0339715 -0.0333432 -0.034916 -0.0317988 -0.0243496 -0.0196358 -0.0123748 -0.00869355 0 
0 -0.00874178 -0.0124263 -0.0197692 -0.0244292 -0.0321608 -0.0347626 -0.0333605 -0.0339771 -0.0337685 -0.0337794 -0.0339686 -0.0333357 -0.0349126 -0.0317949 -0.0243403 -0.0196344 -0.0123686 -0.00868567 0 
0 -0.00873434 -0.0124207 -0.0197691 -0.0244204 -0.0321595 -0.0347583 -0.0333535 -0.0339741 -0.0337631 -0.0337742 -0.0339658 -0.0333283 -0.0349093 -0.031791 -0.024331 -0.0196331 -0.0123624 -0.00867787 0 
0 -0.00872698 -0.0124151 -0.019769 -0.0244117 -0.0321583 -0.0347541 -0.0333467 -0.0339713 -0.0337578 -0.033769 -0.0339629 -0.0333209 -0.0349059 -0.0317872 -0.0243218 -0.0196318 -0.0123563 -0.00867014 0 
0 -0.00871968 -0.0124096 -0.019769 -0.0244031 -0.0321571 -0.0347498 -0.0333399 -0.0339684 -0.0337526 -0.0337639 -0.0339601 -0.0333137 -0.0349026 -0.0317833 -0.0243127 -0.0196305 -0.0123502 -0.00866249 0 
0 -0.00871246 -0.0124041 -0.019769 -0.0243945 -0.0321559 -0.0347456 -0.0333332 -0.0339656 -0.0337473 -0.0337588 -0.0339574 -0.0333065 -0.0348993 -0.0317795 -0.0243037 -0.0196292 -0.0123442 -0.0086549 0 
0 -0.00870531 -0.0123987 -0.019769 -0.024386 -0.0321547 -0.0347414 -0.0333265 -0.0339629 -0.0337422 -0.0337538 -0.0339547 -0.0332994 -0.034896 -0.0317758 -0.0242948 -0.0196279 -0.0123383 -0.00864739 0 
0 -0.00869823 -0.0123934 -0.0197689 -0.0243776 -0.0321536 -0.0347372 -0.0333199 -0.0339601 -0.033737 -0.0337488 -0.033952 -0.0332923 -0.0348927 -0.031772 -0.0242859 -0.0196267 -0.0123324 -0.00863994 0 
0 -0.00869122 -0.0123881 -0.0197689 -0.0243693 -0.0321524 -0.0347331 -0.0333134 -0.0339574 -0.033732 -0.0337438 -0.0339493 -0.0332853 -0.0348895 -0.0317683 -0.0242771 -0.0196254 -0.0123266 -0.00863257 0 
0 -0.00868428 -0.0123829 -0.019769 -0.024361 -0.0321513 -0.0347289 -0.033307 -0.0339547 -0.0337269 -0.0337389 -0.0339467 -0.0332784 -0.0348862 -0.0317646 -0.0242684 -0.0196242 -0.0123208 -0.00862527 0 
0 -0.0086774 -0.0123777 -0.019769 -0.0243528 -0.0321502 -0.0347248 -0.0333006 -0.0339521 -0.0337219 -0.0337341 -0.0339441 -0.0332716 -0.034883 -0.0317609 -0.0242597 -0.0196229 -0.0123151 -0.00861803 0 
0 -0.0086706 -0.0123726 -0.019769 -0.0243447 -0.0321492 -0.0347207 -0.0332943 -0.0339495 -0.033717 -0.0337292 -0.0339416 -0.0332648 -0.0348797 -0.0317572 -0.0242512 -0.0196217 -0.0123095 -0.00861087 0 
0 -0.00866386 -0.0123675 -0.0197691 -0.0243367 -0.0321481 -0.0347166 -0.0332881 -0.0339469 -0.0337121 -0.0337244 -0.033939 -0.0332581 -0.0348765 -0.0317536 -0.0242427 -0.0196205 -0.0123039 -0.00860377 0 
0 -0.00865719 -0.0123625 -0.0197691 -0.0243287 -0.0321471 -0.0347125 -0.0332819 -0.0339443 -0.0337072 -0.0337197 -0.0339365 -0.0332515 -0.0348733 -0.03175 -0.0242342 -0.0196193 -0.0122984 -0.00859673 0 
0 -0.00865058 -0.0123576 -0.0197692 -0.0243208 -0.032146 -0.0347085 -0.0332758 -0.0339418 -0.0337024 -0.033715 -0.0339341 -0.0332449 -0.0348702 -0.0317464 -0.0242259 -0.0196181 -0.0122929 -0.00858976 0 
0 -0.00864404 -0.0123527 -0.0197692 -0.024313 -0.0321451 -0.0347044 -0.0332698 -0.0339393 -0.0336976 -0.0337103 -0.0339317 -0.0332384 -0.034867 -0.0317428 -0.0242176 -0.0196169 -0.0122874 -0.00858286 0 
0 -0.00863756 -0.0123478 -0.0197693 -0.0243053 -0.0321441 -0.0347004 -0.0332638 -0.0339368 -0.0336928 -0.0337057 -0.0339292 -0.033232 -0.0348639 -0.0317393 -0.0242094 -0.0196157 -0.0122821 -0.00857602 0 
0 -0.00863115 -0.012343 -0.0197694 -0.0242976 -0.0321431 -0.0346964 -0.0332579 -0.0339343 -0.0336881 -0.0337011 -0.0339269 -0.0332256 -0.0348607 -0.0317358 -0.0242012 -0.0196145 -0.0122767 -0.00856924 0 
0 -0.0086248 -0.0123383 -0.0197695 -0.02429 -0.0321422 -0.0346925 -0.0332521 -0.0339319 -0.0336834 -0.0336965 -0.0339245 -0.0332193 -0.0348576 -0.0317323 -0.0241932 -0.0196133 -0.0122715 -0.00856253 0 
0 -0.00861851 -0.0123336 -0.0197696 -0.0242825 -0.0321413 -0.0346885 -0.0332463 -0.0339295 -0.0336788 -0.033692 -0.0339222 -0.033213 -0.0348545 -0.0317289 -0.0241852 -0.0196122 -0.0122663 -0.00855588 0 
0 -0.00861228 -0.0123289 -0.0197697 -0.024275 -0.0321404 -0.0346846 -0.0332406 -0.0339271 -0.0336742 -0.0336876 -0.0339199 -0.0332069 -0.0348514 -0.0317254 -0.0241772 -0.019611 -0.0122611 -0.00854929 0 
0 -0.00860611 -0.0123243 -0.0197698 -0.0242676 -0.0321395 -0.0346807 -0.033235 -0.0339248 -0.0336697 -0.0336831 -0.0339177 -0.0332008 -0.0348484 -0.031722 -0.0241694 -0.0196099 -0.012256 -0.00854277 0 
0 -0.00860001 -0.0123198 -0.01977 -0.0242603 -0.0321387 -0.0346768 -0.0332294 -0.0339225 -0.0336652 -0.0336787 -0.0339154 -0.0331947 -0.0348453 -0.0317186 -0.0241616 -0.0196087 -0.0122509 -0.0085363 0 
0 -0.00859396 -0.0123153 -0.0197701 -0.024253 -0.0321378 -0.0346729 -0.0332239 -0.0339202 -0.0336607 -0.0336744 -0.0339132 -0.0331887 -0.0348423 -0.0317152 -0.0241538 -0.0196076 -0.0122459 -0.00852989 0 
0 -0.00858798 -0.0123108 -0.0197703 -0.0242458 -0.032137 -0.034669 -0.0332184 -0.0339179 -0.0336563 -0.03367 -0.033911 -0.0331828 -0.0348393 -0.0317119 -0.0241462 -0.0196065 -0.0122409 -0.00852354 0 
0 -0.00858205 -0.0123064 -0.0197704 -0.0242387 -0.0321362 -0.0346652 -0.033213 -0.0339157 -0.0336519 -0.0336658 -0.0339089 -0.0331769 -0.0348363 -0.0317086 -0.0241386 -0.0196053 -0.012236 -0.00851725 0 
0 -0.00857618 -0.0123021 -0.0197706 -0.0242316 -0.0321354 -0.0346614 -0.0332077 -0.0339135 -0.0336475 -0.0336615 -0.0339067 -0.0331711 -0.0348333 -0.0317053 -0.024131 -0.0196042 -0.0122311 -0.00851102 0 
0 -0.00857037 -0.0122977 -0.0197708 -0.0242247 -0.0321347 -0.0346576 -0.0332024 -0.0339113 -0.0336432 -0.0336573 -0.0339046 -0.0331653 -0.0348303 -0.031702 -0.0241236 -0.0196031 -0.0122263 -0.00850485 0 
0 -0.00856462 -0.0122935 -0.0197709 -0.0242177 -0.032134 -0.0346538 -0.0331972 -0.0339091 -0.0336389 -0.0336531 -0.0339026 -0.0331596 -0.0348274 -0.0316988 -0.0241162 -0.019602 -0.0122215 -0.00849873 0 
0 -0.00855892 -0.0122892 -0.0197711 -0.0242109 -0.0321332 -0.0346501 -0.033192 -0.0339069 -0.0336347 -0.033649 -0.0339005 -0.033154 -0.0348244 -0.0316956 -0.0241088 -0.0196009 -0.0122167 -0.00849267 0 
0 -0.00855328 -0.0122851 -0.0197713 -0.0242041 -0.0321325 -0.0346463 -0.0331869 -0.0339048 -0.0336305 -0.0336449 -0.0338985 -0.0331484 -0.0348215 -0.0316924 -0.0241015 -0.0195999 -0.012212 -0.00848667 0 
0 -0.00854769 -0.0122809 -0.0197715 -0.0241973 -0.0321319 -0.0346426 -0.0331818 -0.0339027 -0.0336263 -0.0336408 -0.0338965 -0.0331429 -0.0348186 -0.0316892 -0.0240943 -0.0195988 -0.0122074 -0.00848072 0 
0 -0.00854216 -0.0122768 -0.0197717 -0.0241907 -0.0321312 -0.0346389 -0.0331768 -0.0339006 -0.0336222 -0.0336368 -0.0338945 -0.0331374 -0.0348157 -0.031686 -0.0240872 -0.0195977 -0.0122028 -0.00847482 0 
0 -0.00853668 -0.0122728 -0.0197719 -0.0241841 -0.0321306 -0.0346352 -0.0331719 -0.0338986 -0.0336181 -0.0336328 -0.0338925 -0.033132 -0.0348129 -0.0316829 -0.0240801 -0.0195967 -0.0121982 -0.00846898 0 
0 -0.00853126 -0.0122688 -0.0197722 -0.0241775 -0.0321299 -0.0346316 -0.033167 -0.0338965 -0.033614 -0.0336288 -0.0338906 -0.0331266 -0.03481 -0.0316798 -0.024073 -0.0195956 -0.0121937 -0.00846319 0 
0 -0.00852589 -0.0122648 -0.0197724 -0.024171 -0.0321293 -0.0346279 -0.0331622 -0.0338945 -0.03361 -0.0336249 -0.0338887 -0.0331213 -0.0348072 -0.0316767 -0.0240661 -0.0195946 -0.0121892 -0.00845746 0 
0 -0.00852057 -0.0122609 -0.0197726 -0.0241646 -0.0321287 -0.0346243 -0.0331574 -0.0338925 -0.033606 -0.033621 -0.0338868 -0.0331161 -0.0348044 -0.0316736 -0.0240591 -0.0195935 -0.0121848 -0.00845178 0 
0 -0.00851531 -0.012257 -0.0197729 -0.0241582 -0.0321282 -0.0346207 -0.0331527 -0.0338905 -0.0336021 -0.0336172 -0.0338849 -0.0331109 -0.0348016 -0.0316706 -0.0240523 -0.0195925 -0.0121804 -0.00844615 0 
0 -0.00851009 -0.0122532 -0.0197731 -0.0241519 -0.0321276 -0.0346171 -0.033148 -0.0338886 -0.0335982 -0.0336133 -0.0338831 -0.0331058 -0.0347988 -0.0316676 -0.0240455 -0.0195914 -0.012176 -0.00844057 0 
0 -0.00850493 -0.0122494 -0.0197734 -0.0241457 -0.0321271 -0.0346136 -0.0331434 -0.0338866 -0.0335943 -0.0336096 -0.0338812 -0.0331007 -0.034796 -0.0316646 -0.0240387 -0.0195904 -0.0121717 -0.00843504 0 
0 -0.00849982 -0.0122456 -0.0197737 -0.0241395 -0.0321266 -0.03461 -0.0331388 -0.0338847 -0.0335904 -0.0336058 -0.0338794 -0.0330956 -0.0347932 -0.0316616 -0.0240321 -0.0195894 -0.0121674 -0.00842956 0 
0 -0.00849476 -0.0122419 -0.0197739 -0.0241334 -0.0321261 -0.0346065 -0.0331343 -0.0338828 -0.0335866 -0.0336021 -0.0338776 -0.0330906 -0.0347905 -0.0316586 -0.0240254 -0.0195884 -0.0121632 -0.00842414 0 
0 -0.00848975 -0.0122382 -0.0197742 -0.0241273 -0.0321256 -0.034603 -0.0331298 -0.0338809 -0.0335829 -0.0335984 -0.0338759 -0.0330857 -0.0347878 -0.0316557 -0.0240189 -0.0195874 -0.012159 -0.00841876 0 
0 -0.00848479 -0.0122345 -0.0197745 -0.0241213 -0.0321251 -0.0345995 -0.0331254 -0.0338791 -0.0335791 -0.0335947 -0.0338741 -0.0330808 -0.0347851 -0.0316528 -0.0240124 -0.0195864 -0.0121549 -0.00841343 0 
0 -0.00847987 -0.0122309 -0.0197748 -0.0241153 -0.0321247 -0.0345961 -0.033121 -0.0338772 -0.0335754 -0.0335911 -0.0338724 -0.033076 -0.0347824 -0.0316499 -0.0240059 -0.0195854 -0.0121507 -0.00840815 0 
0 -0.00847501 -0.0122273 -0.0197751 -0.0241094 -0.0321243 -0.0345926 -0.0331167 -0.0338754 -0.0335717 -0.0335875 -0.0338707 -0.0330712 -0.0347797 -0.031647 -0.0239995 -0.0195844 -0.0121467 -0.00840292 0 
0 -0.00847019 -0.0122238 -0.0197754 -0.0241036 -0.0321239 -0.0345892 -0.0331124 -0.0338736 -0.0335681 -0.0335839 -0.033869 -0.0330665 -0.0347771 -0.0316442 -0.0239931 -0.0195834 -0.0121426 -0.00839773 0 
0 -0.00846542 -0.0122203 -0.0197757 -0.0240978 -0.0321235 -0.0345858 -0.0331082 -0.0338718 -0.0335645 -0.0335804 -0.0338673 -0.0330618 -0.0347744 -0.0316413 -0.0239869 -0.0195824 -0.0121386 -0.0083926 0 
0 -0.0084607 -0.0122168 -0.019776 -0.024092 -0.0321231 -0.0345824 -0.033104 -0.0338701 -0.0335609 -0.0335769 -0.0338657 -0.0330571 -0.0347718 -0.0316385 -0.0239806 -0.0195815 -0.0121347 -0.00838751 0 
0 -0.00845603 -0.0122134 -0.0197763 -0.0240864 -0.0321227 -0.034579 -0.0330999 -0.0338683 -0.0335574 -0.0335734 -0.033864 -0.0330525 -0.0347692 -0.0316357 -0.0239744 -0.0195805 -0.0121307 -0.00838246 0 
0 -0.0084514 -0.01221 -0.0197766 -0.0240807 -0.0321224 -0.0345757 -0.0330958 -0.0338666 -0.0335538 -0.03357 -0.0338624 -0.033048 -0.0347666 -0.031633 -0.0239683 -0.0195795 -0.0121268 -0.00837746 0 
0 -0.00844681 -0.0122067 -0.0197769 -0.0240751 -0.032122 -0.0345723 -0.0330918 -0.0338648 -0.0335504 -0.0335666 -0.0338608 -0.0330435 -0.034764 -0.0316302 -0.0239622 -0.0195786 -0.012123 -0.00837251 0 
0 -0.00844227 -0.0122033 -0.0197773 -0.0240696 -0.0321217 -0.034569 -0.0330878 -0.0338631 -0.0335469 -0.0335632 -0.0338593 -0.033039 -0.0347614 -0.0316275 -0.0239562 -0.0195776 -0.0121192 -0.0083676 0 
0 -0.00843778 -0.0122 -0.0197776 -0.0240642 -0.0321214 -0.0345657 -0.0330839 -0.0338614 -0.0335435 -0.0335599 -0.0338577 -0.0330346 -0.0347589 -0.0316248 -0.0239502 -0.0195767 -0.0121154 -0.00836274 0 
0 -0.00843333 -0.0121968 -0.019778 -0.0240587 -0.0321211 -0.0345625 -0.03308 -0.0338598 -0.0335401 -0.0335566 -0.0338561 -0.0330303 -0.0347564 -0.0316221 -0.0239443 -0.0195757 -0.0121116 -0.00835792 0 
0 -0.00842892 -0.0121936 -0.0197783 -0.0240534 -0.0321209 -0.0345592 -0.0330761 -0.0338581 -0.0335367 -0.0335533 -0.0338546 -0.0330259 -0.0347538 -0.0316194 -0.0239384 -0.0195748 -0.0121079 -0.00835314 0 
0 -0.00842456 -0.0121904 -0.0197787 -0.0240481 -0.0321206 -0.034556 -0.0330723 -0.0338565 -0.0335334 -0.03355 -0.0338531 -0.0330217 -0.0347513 -0.0316167 -0.0239325 -0.0195738 -0.0121042 -0.0083484 0 
0 -0.00842024 -0.0121872 -0.019779 -0.0240428 -0.0321204 -0.0345527 -0.0330685 -0.0338549 -0.0335301 -0.0335468 -0.0338516 -0.0330174 -0.0347488 -0.0316141 -0.0239268 -0.0195729 -0.0121006 -0.00834371 0 
0 -0.00841597 -0.0121841 -0.0197794 -0.0240376 -0.0321202 -0.0345495 -0.0330648 -0.0338532 -0.0335269 -0.0335436 -0.0338501 -0.0330133 -0.0347464 -0.0316115 -0.023921 -0.019572 -0.012097 -0.00833907 0 
0 -0.00841173 -0.012181 -0.0197797 -0.0240324 -0.03212 -0.0345463 -0.0330611 -0.0338516 -0.0335236 -0.0335404 -0.0338487 -0.0330091 -0.0347439 -0.0316089 -0.0239153 -0.0195711 -0.0120934 -0.00833446 0 
0 -0.00840754 -0.0121779 -0.0197801 -0.0240273 -0.0321198 -0.0345432 -0.0330575 -0.0338501 -0.0335204 -0.0335373 -0.0338472 -0.033005 -0.0347415 -0.0316063 -0.0239097 -0.0195702 -0.0120898 -0.00832989 0 
0 -0.00840339 -0.0121749 -0.0197805 -0.0240222 -0.0321196 -0.03454 -0.0330539 -0.0338485 -0.0335172 -0.0335341 -0.0338458 -0.033001 -0.034739 -0.0316037 -0.0239041 -0.0195692 -0.0120863 -0.00832537 0 
0 -0.00839928 -0.0121719 -0.0197809 -0.0240172 -0.0321194 -0.0345369 -0.0330503 -0.0338469 -0.0335141 -0.0335311 -0.0338444 -0.0329969 -0.0347366 -0.0316012 -0.0238986 -0.0195683 -0.0120828 -0.00832089 0 
0 -0.00839521 -0.012169 -0.0197813 -0.0240122 -0.0321193 -0.0345338 -0.0330468 -0.0338454 -0.033511 -0.033528 -0.033843 -0.032993 -0.0347342 -0.0315987 -0.0238931 -0.0195674 -0.0120794 -0.00831644 0 
0 -0.00839119 -0.012166 -0.0197816 -0.0240073 -0.0321191 -0.0345307 -0.0330433 -0.0338439 -0.0335079 -0.033525 -0.0338416 -0.032989 -0.0347318 -0.0315961 -0.0238876 -0.0195665 -0.0120759 -0.00831204 0 
0 -0.0083872 -0.0121631 -0.019782 -0.0240024 -0.032119 -0.0345276 -0.0330399 -0.0338424 -0.0335048 -0.033522 -0.0338402 -0.0329851 -0.0347295 -0.0315937 -0.0238822 -0.0195656 -0.0120725 -0.00830768 0 
0 -0.00838325 -0.0121602 -0.0197824 -0.0239976 -0.0321189 -0.0345245 -0.0330365 -0.0338409 -0.0335018 -0.033519 -0.0338389 -0.0329813 -0.0347271 -0.0315912 -0.0238768 -0.0195648 -0.0120692 -0.00830335 0 
0 -0.00837934 -0.0121574 -0.0197828 -0.0239928 -0.0321188 -0.0345215 -0.0330332 -0.0338394 -0.0334988 -0.033516 -0.0338375 -0.0329775 -0.0347248 -0.0315887 -0.0238715 -0.0195639 -0.0120659 -0.00829907 0 
0 -0.00837547 -0.0121546 -0.0197833 -0.0239881 -0.0321187 -0.0345184 -0.0330298 -0.0338379 -0.0334958 -0.0335131 -0.0338362 -0.0329737 -0.0347225 -0.0315863 -0.0238662 -0.019563 -0.0120626 -0.00829482 0 
0 -0.00837164 -0.0121518 -0.0197837 -0.0239834 -0.0321187 -0.0345154 -0.0330266 -0.0338365 -0.0334929 -0.0335102 -0.0338349 -0.03297 -0.0347201 -0.0315838 -0.023861 -0.0195621 -0.0120593 -0.00829061 0 
0 -0.00836785 -0.012149 -0.0197841 -0.0239788 -0.0321186 -0.0345124 -0.0330233 -0.033835 -0.03349 -0.0335073 -0.0338336 -0.0329663 -0.0347178 -0.0315814 -0.0238558 -0.0195612 -0.012056 -0.00828644 0 
0 -0.00836409 -0.0121463 -0.0197845 -0.0239741 -0.0321186 -0.0345094 -0.0330201 -0.0338336 -0.0334871 -0.0335045 -0.0338323 -0.0329626 -0.0347156 -0.031579 -0.0238507 -0.0195604 -0.0120528 -0.00828231 0 
0 -0.00836037 -0.0121436 -0.0197849 -0.0239696 -0.0321186 -0.0345065 -0.033017 -0.0338322 -0.0334842 -0.0335017 -0.033831 -0.032959 -0.0347133 -0.0315767 -0.0238456 -0.0195595 -0.0120496 -0.00827821 0 
0 -0.00835669 -0.0121409 -0.0197854 -0.0239651 -0.0321185 -0.0345035 -0.0330138 -0.0338308 -0.0334814 -0.0334989 -0.0338298 -0.0329554 -0.034711 -0.0315743 -0.0238405 -0.0195587 -0.0120465 -0.00827415 0 
0 -0.00835305 -0.0121383 -0.0197858 -0.0239606 -0.0321185 -0.0345006 -0.0330107 -0.0338294 -0.0334785 -0.0334961 -0.0338285 -0.0329519 -0.0347088 -0.0315719 -0.0238355 -0.0195578 -0.0120434 -0.00827013 0 
0 -0.00834944 -0.0121356 -0.0197862 -0.0239562 -0.0321186 -0.0344977 -0.0330077 -0.033828 -0.0334758 -0.0334933 -0.0338273 -0.0329484 -0.0347066 -0.0315696 -0.0238305 -0.0195569 -0.0120403 -0.00826614 0 
0 -0.00834587 -0.012133 -0.0197867 -0.0239518 -0.0321186 -0.0344948 -0.0330047 -0.0338266 -0.033473 -0.0334906 -0.0338261 -0.0329449 -0.0347043 -0.0315673 -0.0238256 -0.0195561 -0.0120372 -0.00826219 0 
0 -0.00834233 -0.0121305 -0.0197871 -0.0239475 -0.0321186 -0.0344919 -0.0330017 -0.0338253 -0.0334703 -0.0334879 -0.0338249 -0.0329415 -0.0347021 -0.031565 -0.0238207 -0.0195552 -0.0120341 -0.00825827 0 
0 -0.00833883 -0.0121279 -0.0197876 -0.0239432 -0.0321187 -0.034489 -0.0329987 -0.0338239 -0.0334676 -0.0334852 -0.0338237 -0.0329381 -0.0346999 -0.0315627 -0.0238158 -0.0195544 -0.0120311 -0.00825439 0 
0 -0.00833537 -0.0121254 -0.019788 -0.0239389 -0.0321187 -0.0344861 -0.0329958 -0.0338226 -0.0334649 -0.0334826 -0.0338225 -0.0329347 -0.0346978 -0.0315604 -0.023811 -0.0195536 -0.0120281 -0.00825054 0 
0 -0.00833194 -0.0121229 -0.0197885 -0.0239347 -0.0321188 -0.0344833 -0.0329929 -0.0338212 -0.0334622 -0.03348 -0.0338213 -0.0329314 -0.0346956 -0.0315582 -0.0238063 -0.0195527 -0.0120252 -0.00824673 0 
0 -0.00832854 -0.0121205 -0.0197889 -0.0239305 -0.0321189 -0.0344805 -0.0329901 -0.0338199 -0.0334596 -0.0334774 -0.0338202 -0.0329281 -0.0346935 -0.031556 -0.0238015 -0.0195519 -0.0120222 -0.00824295 0 
0 -0.00832518 -0.012118 -0.0197894 -0.0239264 -0.032119 -0.0344777 -0.0329873 -0.0338186 -0.033457 -0.0334748 -0.033819 -0.0329248 -0.0346913 -0.0315537 -0.0237968 -0.0195511 -0.0120193 -0.00823921 0 
0 -0.00832185 -0.0121156 -0.0197899 -0.0239223 -0.0321191 -0.0344749 -0.0329845 -0.0338173 -0.0334544 -0.0334722 -0.0338179 -0.0329216 -0.0346892 -0.0315515 -0.0237922 -0.0195503 -0.0120164 -0.0082355 0 
